rfi_
  361
    2.84117       0.113892        2.16584       0.111167    
    2.83772       0.125927        2.14028       0.128640    
    2.81394       0.151800        2.07373       0.152609    
    2.78215       0.171255        1.99568       0.139993    
    2.77007       0.179826        1.95195       0.112367    
    2.76842       0.183823        1.93216       0.905043E-01
    2.77022       0.187827        1.92166       0.748951E-01
    2.79763       0.200991        1.91686       0.675350E-01
    2.87065       0.214749        1.91392       0.641167E-01
    2.93047       0.199773        1.91085       0.633715E-01
    2.96061       0.183217        1.90659       0.645366E-01
    2.97911       0.175476        1.89955       0.704351E-01
    3.00357       0.171659        1.88479       0.827474E-01
    3.04248       0.173171        1.84972       0.102027    
    3.08908       0.173937        1.80010       0.103349    
    3.12823       0.165029        1.76158       0.837379E-01
    3.16103       0.145569        1.73658       0.604130E-01
    3.18253       0.127925        1.72382       0.448226E-01
    3.19460       0.115502        1.71756       0.348165E-01
    3.20150       0.108935        1.71477       0.292519E-01
    3.20626       0.106431        1.71348       0.262865E-01
    3.21245       0.105707        1.71288       0.246800E-01
    3.22337       0.106542        1.71263       0.238753E-01
    3.24251       0.106941        1.71243       0.235028E-01
    3.26379       0.104919        1.71238       0.233957E-01
    3.27934       0.101457        1.71235       0.233462E-01
    3.28953       0.973188E-01    1.71234       0.233365E-01
    3.29560       0.955065E-01    1.71234       0.233378E-01
    3.29905       0.946389E-01    1.71235       0.233465E-01
    3.30205       0.945984E-01    1.71235       0.233416E-01
    3.30623       0.950544E-01    1.71236       0.233499E-01
    3.31429       0.964738E-01    1.71237       0.233480E-01
    3.32854       0.980774E-01    1.71238       0.233469E-01
    3.34765       0.979498E-01    1.71238       0.233662E-01
    3.36548       0.965602E-01    1.71240       0.233720E-01
    3.37811       0.941812E-01    1.71240       0.233787E-01
    3.38671       0.918315E-01    1.71240       0.233792E-01
    3.39165       0.906983E-01    1.71239       0.233794E-01
    3.39513       0.905467E-01    1.71239       0.233784E-01
    3.39931       0.909120E-01    1.71241       0.233879E-01
    3.40602       0.923004E-01    1.71240       0.233817E-01
    3.41780       0.940403E-01    1.71240       0.233829E-01
    3.43256       0.949938E-01    1.71242       0.233826E-01
    3.44934       0.951398E-01    1.71240       0.233783E-01
    3.46364       0.940848E-01    1.71240       0.233772E-01
    3.47490       0.929210E-01    1.71241       0.233743E-01
    3.48196       0.921252E-01    1.71242       0.233740E-01
    3.48658       0.922693E-01    1.71243       0.233797E-01
    3.49131       0.926894E-01    1.71242       0.233824E-01
    3.49793       0.943307E-01    1.71244       0.233781E-01
    3.50771       0.960315E-01    1.71245       0.233805E-01
    3.52009       0.973550E-01    1.71245       0.233779E-01
    3.53404       0.987965E-01    1.71248       0.233760E-01
    3.54747       0.994523E-01    1.71250       0.233860E-01
    3.56006       0.994675E-01    1.71251       0.233902E-01
    3.56982       0.994353E-01    1.71253       0.234118E-01
    3.57677       0.997978E-01    1.71261       0.234744E-01
    3.58263       0.100356        1.71268       0.235671E-01
    3.58929       0.101835        1.71280       0.236924E-01
    3.59757       0.102925        1.71286       0.236969E-01
    3.60884       0.104608        1.71302       0.238040E-01
    3.62051       0.106509        1.71319       0.238376E-01
    3.63207       0.107075        1.71346       0.240884E-01
    3.64352       0.107772        1.71366       0.241859E-01
    3.65365       0.109120        1.71406       0.244521E-01
    3.66271       0.109626        1.71443       0.246756E-01
    3.66958       0.110915        1.71486       0.250238E-01
    3.67646       0.111213        1.71550       0.255882E-01
    3.68309       0.112174        1.71621       0.261835E-01
    3.69169       0.113430        1.71720       0.269739E-01
    3.70030       0.114998        1.71827       0.277754E-01
    3.70867       0.116256        1.71972       0.288029E-01
    3.71627       0.117472        1.72110       0.297399E-01
    3.72344       0.119129        1.72302       0.311439E-01
    3.73005       0.120474        1.72502       0.323431E-01
    3.73491       0.121486        1.72744       0.336785E-01
    3.73931       0.122664        1.73020       0.349574E-01
    3.74343       0.124415        1.73290       0.359465E-01
    3.74703       0.126249        1.73621       0.368220E-01
    3.75011       0.128504        1.73917       0.373898E-01
    3.75391       0.130662        1.74224       0.377500E-01
    3.75712       0.132447        1.74495       0.378073E-01
    3.76115       0.133879        1.74742       0.377134E-01
    3.76352       0.134739        1.74962       0.374993E-01
    3.76707       0.135818        1.75180       0.371721E-01
    3.77087       0.135974        1.75373       0.368382E-01
    3.77475       0.136135        1.75512       0.363952E-01
    3.77830       0.136292        1.75656       0.359076E-01
    3.78258       0.136122        1.75780       0.355412E-01
    3.78672       0.135773        1.75870       0.352498E-01
    3.79053       0.134899        1.75941       0.349770E-01
    3.79470       0.134284        1.75994       0.347740E-01
    3.79895       0.133724        1.76028       0.346236E-01
    3.80312       0.132733        1.76045       0.345329E-01
    3.80760       0.131586        1.76057       0.344541E-01
    3.81215       0.130511        1.76059       0.344400E-01
    3.81632       0.129293        1.76061       0.344251E-01
    3.82103       0.127967        1.76062       0.344118E-01
    3.82580       0.126532        1.76063       0.344050E-01
    3.83056       0.125166        1.76063       0.344093E-01
    3.83511       0.123857        1.76064       0.344087E-01
    3.83933       0.123154        1.76064       0.344035E-01
    3.84376       0.122335        1.76063       0.344048E-01
    3.84797       0.121347        1.76064       0.344037E-01
    3.85245       0.120461        1.76063       0.344010E-01
    3.85677       0.119776        1.76064       0.343994E-01
    3.86114       0.119010        1.76065       0.343990E-01
    3.86577       0.118389        1.76065       0.343987E-01
    3.87058       0.117776        1.76065       0.343944E-01
    3.87533       0.116789        1.76065       0.343918E-01
    3.87966       0.116608        1.76066       0.343844E-01
    3.88389       0.116457        1.76065       0.343884E-01
    3.88849       0.116011        1.76067       0.343690E-01
    3.89271       0.115648        1.76068       0.343619E-01
    3.89715       0.115554        1.76066       0.343681E-01
    3.90161       0.115147        1.76067       0.343588E-01
    3.90611       0.115015        1.76070       0.343346E-01
    3.91041       0.115050        1.76069       0.343318E-01
    3.91541       0.115127        1.76070       0.343201E-01
    3.92007       0.115087        1.76071       0.343155E-01
    3.92461       0.115710        1.76073       0.342814E-01
    3.92901       0.116067        1.76074       0.342862E-01
    3.93387       0.116319        1.76074       0.342844E-01
    3.93806       0.116818        1.76078       0.342643E-01
    3.94273       0.117468        1.76083       0.342492E-01
    3.94696       0.117645        1.76083       0.342384E-01
    3.95139       0.118337        1.76077       0.342401E-01
    3.95566       0.119190        1.76074       0.342332E-01
    3.96049       0.119717        1.76072       0.342265E-01
    3.96532       0.120215        1.76075       0.341874E-01
    3.96991       0.121372        1.76077       0.341751E-01
    3.97415       0.121880        1.76079       0.341330E-01
    3.97877       0.122610        1.76079       0.340944E-01
    3.98302       0.123377        1.76078       0.340675E-01
    3.98768       0.124281        1.76078       0.340440E-01
    3.99230       0.125309        1.76077       0.340038E-01
    3.99681       0.125907        1.76081       0.339182E-01
    4.00127       0.127036        1.76082       0.338795E-01
    4.00576       0.127999        1.76084       0.337694E-01
    4.01032       0.129009        1.76089       0.337251E-01
    4.01468       0.129923        1.76095       0.336149E-01
    4.01877       0.130594        1.76105       0.334956E-01
    4.02270       0.131325        1.76120       0.333299E-01
    4.02653       0.131818        1.76132       0.331600E-01
    4.03041       0.132270        1.76135       0.329915E-01
    4.03495       0.132249        1.76153       0.327350E-01
    4.03846       0.132592        1.76153       0.325525E-01
    4.04246       0.132977        1.76166       0.323329E-01
    4.04554       0.133328        1.76175       0.321309E-01
    4.04901       0.133573        1.76197       0.318677E-01
    4.05124       0.134300        1.76227       0.316264E-01
    4.05330       0.134574        1.76262       0.312627E-01
    4.05550       0.134446        1.76299       0.308724E-01
    4.05731       0.134596        1.76352       0.303561E-01
    4.05921       0.134750        1.76378       0.300870E-01
    4.06031       0.135036        1.76430       0.294838E-01
    4.06224       0.134832        1.76484       0.289739E-01
    4.06437       0.135193        1.76554       0.282799E-01
    4.06578       0.135225        1.76612       0.277028E-01
    4.06803       0.135662        1.76666       0.271478E-01
    4.07045       0.135410        1.76723       0.265307E-01
    4.07248       0.135346        1.76779       0.260070E-01
    4.07469       0.135606        1.76831       0.254343E-01
    4.07729       0.134870        1.76871       0.249965E-01
    4.08007       0.134514        1.76929       0.244228E-01
    4.08343       0.134000        1.76978       0.240248E-01
    4.08691       0.133640        1.77036       0.236048E-01
    4.09093       0.132860        1.77072       0.233884E-01
    4.09500       0.133010        1.77131       0.230463E-01
    4.09900       0.132822        1.77173       0.227487E-01
    4.10296       0.132708        1.77220       0.224721E-01
    4.10754       0.132715        1.77262       0.223930E-01
    4.11273       0.132082        1.77305       0.222159E-01
    4.11809       0.132099        1.77344       0.222255E-01
    4.12261       0.131679        1.77379       0.221425E-01
    4.12739       0.131401        1.77420       0.221183E-01
    4.13325       0.131764        1.77464       0.222513E-01
    4.13883       0.131927        1.77504       0.224328E-01
    4.14453       0.132391        1.77543       0.227619E-01
    4.14977       0.132538        1.77581       0.230184E-01
    4.15503       0.132963        1.77623       0.232614E-01
    4.16037       0.133742        1.77681       0.236414E-01
    4.16662       0.134350        1.77736       0.241441E-01
    4.17346       0.136132        1.77812       0.248005E-01
    4.18042       0.137220        1.77885       0.254378E-01
    4.18797       0.138435        1.77963       0.260422E-01
    4.19542       0.140614        1.78067       0.269064E-01
    4.20269       0.142462        1.78173       0.277793E-01
    4.20982       0.143842        1.78264       0.284053E-01
    4.21710       0.145678        1.78367       0.292704E-01
    4.22425       0.147252        1.78482       0.300413E-01
    4.23192       0.148606        1.78598       0.307680E-01
    4.24046       0.150207        1.78739       0.316723E-01
    4.25086       0.152571        1.78941       0.328289E-01
    4.26057       0.154614        1.79122       0.338467E-01
    4.27052       0.156611        1.79303       0.346877E-01
    4.28027       0.158245        1.79506       0.354882E-01
    4.29105       0.159400        1.79731       0.363845E-01
    4.30040       0.160001        1.79937       0.369429E-01
    4.30941       0.160609        1.80138       0.373305E-01
    4.31890       0.160574        1.80363       0.376905E-01
    4.32918       0.160217        1.80598       0.378434E-01
    4.33898       0.160028        1.80837       0.378649E-01
    4.34819       0.158762        1.81047       0.376563E-01
    4.35665       0.157279        1.81245       0.374251E-01
    4.36560       0.155670        1.81466       0.370171E-01
    4.37396       0.153184        1.81668       0.364906E-01
    4.38101       0.150898        1.81834       0.360069E-01
    4.38768       0.148518        1.81990       0.354685E-01
    4.39434       0.145700        1.82142       0.348603E-01
    4.39956       0.143558        1.82273       0.342363E-01
    4.40531       0.141446        1.82418       0.335372E-01
    4.41053       0.138902        1.82542       0.328522E-01
    4.41463       0.136720        1.82646       0.322124E-01
    4.41832       0.134386        1.82744       0.315362E-01
    4.42249       0.132500        1.82843       0.308389E-01
    4.42613       0.130515        1.82936       0.301711E-01
    4.42926       0.128581        1.83015       0.295146E-01
    4.43178       0.126962        1.83079       0.290240E-01
    4.43414       0.125766        1.83132       0.286001E-01
    4.43599       0.124423        1.83174       0.282114E-01
    4.43838       0.123005        1.83222       0.277855E-01
    4.44013       0.121988        1.83261       0.274623E-01
    4.44166       0.121102        1.83290       0.271889E-01
    4.44343       0.120255        1.83321       0.269461E-01
    4.44437       0.119637        1.83345       0.266881E-01
    4.44549       0.119146        1.83368       0.264797E-01
    4.44647       0.118672        1.83385       0.262997E-01
    4.44748       0.118513        1.83403       0.261680E-01
    4.44814       0.118601        1.83417       0.260344E-01
    4.44891       0.118325        1.83428       0.259456E-01
    4.44967       0.118311        1.83441       0.258195E-01
    4.45035       0.118552        1.83451       0.257214E-01
    4.45083       0.118555        1.83456       0.256932E-01
    4.45148       0.118748        1.83464       0.256266E-01
    4.45184       0.118982        1.83468       0.255898E-01
    4.45227       0.119267        1.83476       0.255104E-01
    4.45256       0.119654        1.83477       0.254883E-01
    4.45315       0.120029        1.83482       0.254461E-01
    4.45346       0.120519        1.83487       0.254090E-01
    4.45385       0.120936        1.83495       0.253461E-01
    4.45422       0.121401        1.83498       0.253276E-01
    4.45467       0.121951        1.83501       0.253019E-01
    4.45493       0.122489        1.83504       0.252768E-01
    4.45549       0.123340        1.83507       0.252669E-01
    4.45576       0.124158        1.83508       0.252482E-01
    4.45614       0.124999        1.83510       0.252284E-01
    4.45649       0.125878        1.83511       0.252373E-01
    4.45693       0.126698        1.83515       0.251936E-01
    4.45709       0.127719        1.83516       0.251901E-01
    4.45723       0.128486        1.83519       0.251552E-01
    4.45753       0.129370        1.83520       0.251508E-01
    4.45771       0.130504        1.83522       0.251412E-01
    4.45771       0.131676        1.83522       0.251367E-01
    4.45787       0.132747        1.83523       0.251318E-01
    4.45816       0.133934        1.83524       0.251278E-01
    4.45842       0.135136        1.83525       0.251238E-01
    4.45837       0.136315        1.83525       0.251188E-01
    4.45859       0.137395        1.83526       0.251146E-01
    4.45855       0.138384        1.83526       0.251260E-01
    4.45854       0.139434        1.83526       0.251256E-01
    4.45861       0.140555        1.83526       0.251256E-01
    4.45859       0.141785        1.83526       0.251256E-01
    4.45842       0.142991        1.83526       0.251256E-01
    4.45833       0.144190        1.83526       0.251256E-01
    4.45855       0.145503        1.83526       0.251265E-01
    4.45857       0.146717        1.83527       0.251253E-01
    4.45837       0.147950        1.83527       0.251243E-01
    4.45828       0.148961        1.83527       0.251243E-01
    4.45802       0.150230        1.83527       0.251243E-01
    4.45797       0.151289        1.83527       0.251243E-01
    4.45771       0.152262        1.83527       0.251198E-01
    4.45756       0.153455        1.83527       0.251208E-01
    4.45717       0.154618        1.83527       0.251208E-01
    4.45694       0.155746        1.83527       0.251208E-01
    4.45683       0.156818        1.83527       0.251248E-01
    4.45655       0.157789        1.83527       0.251248E-01
    4.45607       0.158770        1.83527       0.251229E-01
    4.45579       0.159767        1.83527       0.251229E-01
    4.45541       0.160812        1.83528       0.251210E-01
    4.45516       0.161682        1.83528       0.251210E-01
    4.45461       0.162561        1.83528       0.251210E-01
    4.45414       0.163495        1.83528       0.251210E-01
    4.45360       0.164438        1.83528       0.251210E-01
    4.45321       0.165411        1.83528       0.251210E-01
    4.45285       0.166298        1.83528       0.251210E-01
    4.45238       0.167102        1.83528       0.251210E-01
    4.45175       0.167932        1.83528       0.251210E-01
    4.45125       0.168855        1.83528       0.251210E-01
    4.45072       0.169624        1.83528       0.251210E-01
    4.45022       0.170349        1.83528       0.251210E-01
    4.44962       0.171077        1.83529       0.251004E-01
    4.44892       0.171955        1.83529       0.251004E-01
    4.44832       0.172648        1.83529       0.251004E-01
    4.44780       0.173449        1.83529       0.251004E-01
    4.44733       0.174159        1.83529       0.251004E-01
    4.44676       0.174816        1.83529       0.251004E-01
    4.44608       0.175549        1.83529       0.251004E-01
    4.44539       0.176367        1.83529       0.251004E-01
    4.44490       0.177039        1.83529       0.251004E-01
    4.44428       0.177694        1.83529       0.251004E-01
    4.44359       0.178398        1.83529       0.251004E-01
    4.44286       0.179149        1.83529       0.251004E-01
    4.44229       0.179775        1.83529       0.251004E-01
    4.44183       0.180468        1.83529       0.251004E-01
    4.44131       0.181057        1.83529       0.251004E-01
    4.44072       0.181650        1.83529       0.251004E-01
    4.44014       0.182301        1.83529       0.251004E-01
    4.43948       0.182988        1.83529       0.251004E-01
    4.43898       0.183534        1.83529       0.251004E-01
    4.43846       0.184088        1.83529       0.251004E-01
    4.43781       0.184780        1.83529       0.251004E-01
    4.43724       0.185377        1.83529       0.251004E-01
    4.43678       0.185868        1.83529       0.251004E-01
    4.43643       0.186429        1.83529       0.251004E-01
    4.43596       0.186860        1.83529       0.251004E-01
    4.43553       0.187298        1.83529       0.251004E-01
    4.43512       0.187813        1.83529       0.251004E-01
    4.43465       0.188263        1.83529       0.251004E-01
    4.43426       0.188727        1.83529       0.251004E-01
    4.43390       0.189097        1.83529       0.251004E-01
    4.43350       0.189591        1.83529       0.251004E-01
    4.43310       0.190002        1.83529       0.251004E-01
    4.43279       0.190382        1.83529       0.251004E-01
    4.43261       0.190726        1.83529       0.251004E-01
    4.43230       0.191035        1.83529       0.251004E-01
    4.43206       0.191305        1.83529       0.251004E-01
    4.43185       0.191599        1.83529       0.251004E-01
    4.43159       0.191874        1.83529       0.251004E-01
    4.43136       0.192120        1.83529       0.251004E-01
    4.43113       0.192367        1.83529       0.251004E-01
    4.43091       0.192649        1.83529       0.251004E-01
    4.43071       0.192851        1.83529       0.251004E-01
    4.43058       0.193076        1.83529       0.251004E-01
    4.43049       0.193271        1.83529       0.251004E-01
    4.43037       0.193421        1.83529       0.251004E-01
    4.43025       0.193594        1.83529       0.251004E-01
    4.43017       0.193782        1.83529       0.251004E-01
    4.43004       0.193917        1.83529       0.251004E-01
    4.42992       0.194068        1.83529       0.251004E-01
    4.42981       0.194187        1.83529       0.251004E-01
    4.42974       0.194317        1.83529       0.251004E-01
    4.42966       0.194398        1.83529       0.251004E-01
    4.42966       0.194489        1.83529       0.251004E-01
    4.42961       0.194576        1.83529       0.251004E-01
    4.42956       0.194647        1.83529       0.251004E-01
    4.42952       0.194716        1.83529       0.251004E-01
    4.42951       0.194783        1.83529       0.251004E-01
    4.42948       0.194821        1.83529       0.251004E-01
    4.42945       0.194889        1.83529       0.251004E-01
    4.42940       0.194954        1.83529       0.251004E-01
    4.42936       0.194987        1.83529       0.251004E-01
    4.42934       0.195023        1.83529       0.251004E-01
    4.42935       0.195071        1.83529       0.251004E-01
    4.42933       0.195093        1.83529       0.251004E-01
    4.42931       0.195119        1.83529       0.251004E-01
    4.42930       0.195137        1.83529       0.251004E-01
    4.42931       0.195167        1.83529       0.251004E-01
    4.42932       0.195190        1.83529       0.251004E-01
    4.42932       0.195214        1.83529       0.251004E-01
    4.42931       0.195223        1.83529       0.251004E-01
