117
 2   0   0   0
 4  63  63  255
32 255 255 255 
33 255  70  70
34 235  70  70
35 220  70  70
36 205  70  70
37 190  70  70
38 175  70  70
39 160  70  70
40 145  70  85
41 130  70 100
42 100  95 115
43  70 100 130
44  70 110 145
45  70 120 160
46  70 130 175
47  70 140 190
48  70 150 205
49  70 160 220
50  70 170 235
51  70 180 250
52 255 255 255
53 255  70  70
54 235  70  70
55 220  70  70
56 205  70  70
57 190  70  70
58 175  70  70
59 160  70  70
60 145  70  70
61 130  85  70
62 115 115  70
63 100 130  70
64  85 145  70
65  70 160  70
66  70 175  70
67  70 190  70
68  70 205  70
69  70 220  70
70  70 235  70
71  70 255  70
72 255 255 255
73  80 240 240
74  80 238 238
75  80 232 234
76  80 222 226
77  80 209 217 
78  80 193 204
79  80 174 190
80  80 152 174
81  80 129 157
82  80  93 129
83 105  80 138
84 129  80 157
85 152  80 174
86 174  80 190
87 193  80 204
88 209  80 217
89 222  80 226
90 232  80 234
91 238  80 238
92 255 255 255
93 255 180  70 
94 240 170  70 
95 233 165  70 
96 225 160  70 
97 210 150  70
98 205 150  70 
99 200 145  70
100 190 140  70 
101 165 120  70
102 70 120 160
103 70 130 175 
104 70 140 190
105 70 145 197
106 70 150 205
107 70 155 212
108 70 160 220
109 70 165 227
110 70 170 235
111 70 180 250
112 255 255 255
113  51 128 255
114  57 124 235
115  63 121 216
116  69 117 196
117  75 114 177
118  81 110 158
119  87 107 138
120  93 103 119
121 100 100 100
122 119  91  91
123 138  82  82
124 158  74  74
125 177  65  65
126 196  56  56
127 216  48  48
128 235  39  39
129 255  31  31
130   51      128      255    
131   56      122      235    
132   61      117      214    
133   66      112      194    
134   71      107      173    
135  77      102      153    
136  82       97      140
137  179      77      133    
138  201      77      125    
139  224      77      115    
140  240      82      102    
141  242      89       89    
142  245     102       77    
143  247     128       64    
144  250     153       51    
145  252     179       40    
146  255     204       26
