   0.00000000      -2.03329194E-12   0.00000000    
   6.28319010E-03  -1.81160404E-12   1.54754074E-12
   1.25663700E-02  -1.15248663E-12   3.00775442E-12
   1.88495591E-02  -7.37079668E-14   4.29449705E-12
   2.51327399E-02   1.39536971E-12   5.32393140E-12
   3.14159282E-02   3.21408980E-12   6.01562810E-12
   3.76991108E-02   5.33108497E-12   6.29370861E-12
   4.39823009E-02   7.68529337E-12   6.08774923E-12
   5.02654798E-02   1.02074200E-11   5.33320523E-12
   5.65486699E-02   1.28221947E-11   3.97139786E-12
   6.28318489E-02   1.54624785E-11   1.95114042E-12
   6.91150427E-02   1.79648831E-11  -8.52772714E-13
   7.53982216E-02   2.03016787E-11  -4.13817071E-12
   8.16814080E-02   2.32637330E-11  -8.47740367E-12
   8.79645869E-02   2.49924439E-11  -1.60237795E-11
   9.42477807E-02   2.11928704E-11  -2.09990792E-11
  0.100530960       3.17998787E-11  -1.61563991E-11
  0.106814153       6.78599468E-11  -6.92651422E-11
  0.113097340      -9.22456000E-11  -1.83948301E-10
  0.119380519      -3.16266152E-10   3.37785661E-10
  0.125663713       1.22617472E-09   4.04956957E-10
  0.131946892       1.16597801E-10  -2.45405807E-09
  0.138230085      -3.02346548E-09   3.13395920E-10
  0.144513264       7.02198022E-10   2.87603052E-09
  0.150796443       2.36417041E-09  -1.28200606E-09
  0.157079637      -2.04592565E-09  -1.88391969E-09
  0.163362816      -1.56294355E-09   2.64860667E-09
  0.169645995       2.86423174E-09   1.14287024E-09
  0.175929189       3.96921385E-10  -2.85796053E-09
  0.182212368      -2.86677659E-09   5.43162626E-10
  0.188495561       1.37327971E-09   2.84437118E-09
  0.194778740       2.50316168E-09  -1.89453697E-09
  0.201061934      -2.03164641E-09  -1.66357872E-09
  0.207345113      -6.51544485E-10   1.77521586E-09
  0.213628307       1.27687494E-09   2.31247591E-11
  0.219911486      -1.57617377E-10  -7.67178820E-10
  0.226194665      -3.69505648E-10   1.62370187E-10
  0.232477859       1.59772584E-10   1.31058983E-10
  0.238761038       4.03078439E-11  -1.51929538E-10
  0.245044231      -1.06642757E-10  -2.05506341E-11
  0.251327395       1.17657360E-12   4.74723559E-11
  0.257610589       1.80726649E-11  -3.06463639E-11
  0.263893783      -3.75655340E-11  -1.78322739E-11
  0.270176977      -1.42041743E-11   1.99929413E-11
  0.276460141       5.58082226E-12  -3.32573617E-12
  0.282743335      -1.57706261E-11  -7.07738078E-12
  0.289026529      -1.02007309E-11   1.17185350E-11
  0.295309722       2.88426661E-12   3.14930590E-12
  0.301592886      -6.47775930E-12  -1.77408901E-12
  0.307876080      -4.78637399E-12   7.91978982E-12
  0.314159274       3.24187292E-12   3.27125653E-12
  0.320442438      -2.11254104E-12  -4.67816866E-13
  0.326725632      -1.14794242E-12   4.98853129E-12
  0.333008826       3.46386548E-12   1.34332888E-12
  0.339292020      -6.13851851E-13  -7.63549488E-13
  0.345575184       5.26703193E-13   2.61925182E-12
  0.351858377       2.67069808E-12  -6.49464315E-13
  0.358141571      -7.00831103E-13  -9.83296235E-13
  0.364424735       9.30933932E-13   1.00923653E-12
  0.370707929       1.13118076E-12  -1.72195797E-12
  0.376991123      -1.12400714E-12  -4.95762231E-13
  0.383274287       7.66407608E-13   5.31050288E-14
  0.389557481      -4.42567803E-13  -1.57172398E-12
  0.395840675      -9.82417381E-13   3.38856113E-13
  0.402123868       3.16102315E-13  -4.73210501E-13
  0.408407032      -1.25642357E-12  -4.84942707E-13
  0.414690226      -2.42537923E-13   6.92743172E-13
  0.420973420      -3.09513889E-13  -5.01985118E-13
  0.427256614      -8.72010688E-13   6.33876632E-13
  0.433539778       2.89974831E-13   2.72363675E-13
  0.439822972      -6.24656522E-13   5.07584663E-14
  0.446106166       1.42030593E-13   7.65574236E-13
  0.452389330       9.28366880E-14  -1.70489463E-13
  0.458672523      -1.67835255E-13   5.46127813E-13
  0.464955717       5.25396133E-13   2.18213729E-14
  0.471238911      -1.77932213E-13  -2.76245650E-15
  0.477522075       4.33456412E-13   2.18569019E-13
  0.483805269       5.51705017E-14  -3.69152571E-13
  0.490088463       7.36737060E-14   1.63323551E-13
  0.496371627       2.39639553E-13  -3.75283165E-13
  0.502654791      -2.11144307E-13  -7.27464489E-14
  0.508938015       2.00979519E-13  -1.61760891E-13
  0.515221179      -2.70280949E-13  -2.68608324E-13
  0.521504402      -1.04252485E-14   4.58002234E-14
  0.527787566      -1.63434031E-13  -2.76142905E-13
  0.534070730      -2.21104114E-13   1.21502065E-13
  0.540353954      -3.28106073E-14  -1.11144872E-13
  0.546637118      -2.89201199E-13   7.96528235E-14
  0.552920282       2.41188515E-14   9.66380906E-14
  0.559203506      -1.92029579E-13   9.05057076E-15
  0.565486670       3.49845148E-15   2.13136583E-13
  0.571769834      -1.54016899E-14  -1.68004919E-14
  0.578053057      -3.54644021E-14   1.86075805E-13
  0.584336221       1.22817379E-13   1.06044671E-14
  0.590619445      -3.59928355E-14   6.06743049E-14
  0.596902609       1.52229154E-13   4.62092624E-14
  0.603185773       9.46456997E-15  -6.81285743E-14
  0.609468997       8.40208708E-14   4.08806188E-14
  0.615752161       5.97172322E-14  -1.25701248E-13
  0.622035325      -1.40666694E-14  -1.35268765E-14
  0.628318548       6.54747253E-14  -1.00534767E-13
  0.634601712      -7.46688952E-14  -7.80659920E-14
  0.640884876       1.34944546E-14  -3.64941028E-14
  0.647168100      -7.59074607E-14  -1.00539667E-13
  0.653451264      -6.10053051E-14   1.20096583E-14
  0.659734488      -4.40701823E-14  -6.02436056E-14
  0.666017652      -1.03396438E-13   2.26131268E-14
  0.672300816      -1.89898011E-14   1.45986688E-14
  0.678584039      -8.44006397E-14   1.24419958E-14
  0.684867203      -1.64671760E-14   7.06452854E-14
  0.691150367      -2.23480665E-14   1.03074347E-14
  0.697433591      -2.04087777E-14   7.31103207E-14
  0.703716755       3.51869785E-14   2.37701416E-14
  0.709999919      -7.81285488E-15   3.11702737E-14
  0.716283143       5.26223962E-14   3.33373533E-14
  0.722566307       2.17008299E-14  -1.61237160E-14
  0.728849471       3.22513859E-14   1.74546385E-14
  0.735132694       4.34506862E-14  -3.71954190E-14
  0.741415858       3.22335762E-15  -2.03730736E-14
  0.747699022       3.38270637E-14  -3.17200998E-14
  0.753982246      -1.10089262E-14  -5.17041345E-14
  0.760265410      -3.27687952E-15  -2.07579620E-14
  0.766548634      -1.23490627E-14  -5.09864368E-14
  0.772831798      -3.88524255E-14  -1.81558886E-14
  0.779114962      -1.64567507E-14  -2.09156965E-14
  0.785398185      -4.73711714E-14  -1.70370394E-14
  0.791681349      -2.80695775E-14   1.21518633E-14
  0.797964513      -2.96669021E-14  -4.14719909E-15
  0.804247737      -3.39497954E-14   2.55903883E-14
  0.810530901      -6.98959857E-15   1.85617818E-14
  0.816814065      -2.05754230E-14   2.00376282E-14
  0.823097289       4.33016118E-15   3.25912765E-14
  0.829380453       6.28054559E-15   1.10866940E-14
  0.835663676       6.97893400E-15   2.40386002E-14
  0.841946840       2.57704082E-14   7.03470985E-15
  0.848230004       1.12538949E-14   8.58611888E-17
  0.854513228       2.44375223E-14   1.80748445E-15
  0.860796392       1.72038033E-14  -1.93530969E-14
  0.867079556       8.95627312E-15  -1.10532379E-14
  0.873362780       1.45504472E-14  -2.31646553E-14
  0.879645944      -4.75563853E-15  -2.49587812E-14
  0.885929108      -1.06822332E-15  -1.73498114E-14
  0.892212331      -1.03485437E-14  -2.65141997E-14
  0.898495495      -1.90559950E-14  -1.20672871E-14
  0.904778659      -1.33551304E-14  -1.28116020E-14
  0.911061883      -2.52213767E-14  -7.89809180E-15
  0.917345047      -1.78013037E-14   4.52022436E-15
  0.923628211      -1.75572075E-14   7.14059998E-16
  0.929911435      -1.83542926E-14   1.30028451E-14
  0.936194599      -6.21988321E-15   1.25959313E-14
  0.942477822      -9.04303217E-15   1.21944386E-14
  0.948760986       8.40479400E-16   1.81365594E-14
  0.955044150       5.61525669E-15   9.09815114E-15
  0.961327374       5.13454093E-15   1.15825996E-14
  0.967610538       1.44502838E-14   6.14839702E-15
  0.973893702       1.00866293E-14  -1.18915697E-15
  0.980176926       1.26364475E-14  -2.24340699E-16
  0.986460090       1.26500085E-14  -1.01461435E-14
  0.992743254       5.57884190E-15  -1.02500355E-14
  0.999026477       7.50958235E-15  -1.24200670E-14
   1.00530970      -2.42162273E-16  -1.70128736E-14
   1.01159286      -3.53446478E-15  -1.19979490E-14
   1.01787603      -4.81770995E-15  -1.46257027E-14
   1.02415919      -1.21178194E-14  -1.06983031E-14
   1.03044236      -1.02077499E-14  -5.97697110E-15
   1.03672552      -1.32698596E-14  -5.98604537E-15
   1.04300880      -1.39082929E-14   1.20501851E-15
   1.04929197      -1.16402232E-14   3.93490172E-15
   1.05557513      -9.41516254E-15   6.62604228E-15
   1.06185830      -6.51554684E-15   8.53324200E-15
   1.06814146      -3.24913432E-15   9.45152058E-15
   1.07442474       9.97631302E-17   9.33229730E-15
   1.08070791       3.20504392E-15   8.17435922E-15
   1.08699107       5.73824927E-15   6.15299725E-15
   1.09327424       7.51593341E-15   3.52371233E-15
   1.09955740       8.41340547E-15   5.22256692E-16
   1.10584056       8.33457381E-15  -2.55021927E-15
   1.11212385       7.33611678E-15  -5.34898680E-15
   1.11840701       5.58870729E-15  -7.63716754E-15
   1.12469018       3.25462966E-15  -9.23460137E-15
   1.13097334       5.80055362E-16  -9.97442197E-15
   1.13725650      -2.13911606E-15  -9.82770485E-15
   1.14353979      -4.65503982E-15  -8.84395232E-15
   1.14982295      -6.71625468E-15  -7.13272469E-15
   1.15610611      -8.14032798E-15  -4.91007678E-15
   1.16238928      -8.83475523E-15  -2.38552811E-15
   1.16867244      -8.72363298E-15   2.00999357E-16
   1.17495561      -7.84277716E-15   2.56161779E-15
   1.18123889      -6.34224940E-15   4.48902898E-15
   1.18752205      -4.36140272E-15   5.85174152E-15
   1.19380522      -2.07415118E-15   6.50087707E-15
   1.20008838       2.39987224E-16   6.37639965E-15
   1.20637155       2.34920670E-15   5.57722110E-15
   1.21265471       4.12005635E-15   4.19443304E-15
   1.21893799       5.36519944E-15   2.32695345E-15
   1.22522116       5.93994390E-15   2.16995336E-16
   1.23150432       5.86577600E-15  -1.89535544E-15
   1.23778749       5.18398987E-15  -3.85992660E-15
   1.24407065       3.92499948E-15  -5.48792223E-15
   1.25035393       2.25168187E-15  -6.57569380E-15
   1.25663710       3.84200142E-16  -7.07386987E-15
   1.26292026      -1.53446826E-15  -6.97456754E-15
   1.26920342      -3.32235608E-15  -6.26840973E-15
   1.27548659      -4.78449144E-15  -5.04062742E-15
   1.28176975      -5.78454893E-15  -3.44057499E-15
   1.28805304      -6.24911643E-15  -1.64455280E-15
   1.29433620      -6.16698685E-15   1.78598988E-16
   1.30061936      -5.54781424E-15   1.87466264E-15
   1.30690253      -4.44491169E-15   3.26544542E-15
   1.31318569      -3.00232522E-15   4.20557618E-15
   1.31946886      -1.38923292E-15   4.64719290E-15
   1.32575214       2.69873856E-16   4.58109638E-15
   1.33203530       1.82115260E-15   3.98629290E-15
   1.33831847       3.07527022E-15   2.94654323E-15
   1.34460163       3.94263090E-15   1.60767404E-15
   1.35088480       4.36418649E-15   8.76711526E-17
   1.35716808       4.30480228E-15  -1.45973497E-15
   1.36345124       3.78673829E-15  -2.89020093E-15
   1.36973441       2.85677426E-15  -4.06210743E-15
   1.37601757       1.63441762E-15  -4.84665095E-15
   1.38230073       2.67359491E-16  -5.20653365E-15
   1.38858390      -1.14501257E-15  -5.13040699E-15
   1.39486718      -2.46377426E-15  -4.59320090E-15
   1.40115035      -3.51664236E-15  -3.67294450E-15
   1.40743351      -4.23508681E-15  -2.51482409E-15
   1.41371667      -4.60033758E-15  -1.19613504E-15
   1.41999984      -4.53052851E-15   1.81859628E-16
   1.42628300      -4.03520652E-15   1.42041920E-15
   1.43256629      -3.23262374E-15   2.42087543E-15
   1.43884945      -2.17314900E-15   3.13310076E-15
   1.44513261      -9.51322079E-16   3.45617522E-15
   1.45141578       2.76236211E-16   3.37586506E-15
   1.45769894       1.40687323E-15   2.93510829E-15
   1.46398222       2.34928802E-15   2.16811487E-15
   1.47026539       2.99584521E-15   1.14992102E-15
   1.47654855       3.29163970E-15   1.10491742E-17
   1.48283172       3.23991775E-15  -1.14205378E-15
   1.48911488       2.84232006E-15  -2.21174639E-15
   1.49539804       2.13997220E-15  -3.07890738E-15
   1.50168133       1.22805134E-15  -3.66964658E-15
   1.50796449       1.81893615E-16  -3.94127268E-15
   1.51424766      -8.80025410E-16  -3.85521540E-15
   1.52053082      -1.84922200E-15  -3.45646067E-15
   1.52681398      -2.65914559E-15  -2.77620025E-15
   1.53309727      -3.21023094E-15  -1.87641896E-15
   1.53938043      -3.45728335E-15  -8.70411480E-16
   1.54566360      -3.39747499E-15   1.46316802E-16
   1.55194676      -3.04125613E-15   1.08743784E-15
   1.55822992      -2.41820325E-15   1.85895208E-15
   1.56451309      -1.60430380E-15   2.38100326E-15
   1.57079637      -6.89933376E-16   2.62239833E-15
   1.57707953       2.51144422E-16   2.57046209E-15
   1.58336270       1.12260051E-15   2.21569610E-15
   1.58964586       1.81690769E-15   1.61925139E-15
   1.59592903       2.30710175E-15   8.64883955E-16
   1.60221219       2.55471130E-15  -1.78281377E-17
   1.60849547       2.49002657E-15  -9.23033614E-16
   1.61477864       2.16500880E-15  -1.71249924E-15
   1.62106180       1.65621062E-15  -2.36948700E-15
   1.62734497       9.47545583E-16  -2.85174606E-15
   1.63362813       1.16497576E-16  -3.04297687E-15
   1.63991141      -6.84072120E-16  -2.95483971E-15
   1.64619458      -1.41721191E-15  -2.66001231E-15
   1.65247774      -2.05309203E-15  -2.14179544E-15
   1.65876091      -2.48296062E-15  -1.43271896E-15
   1.66504407      -2.65565962E-15  -6.49674165E-16
   1.67132723      -2.60334666E-15   1.18686865E-16
   1.67761052      -2.34280801E-15   8.44605510E-16
   1.68389368      -1.85598238E-15   1.45678613E-15
   1.69017684      -1.20754277E-15   1.85397089E-15
   1.69646001      -5.02506108E-16   2.02073982E-15
   1.70274317       2.08638138E-16   1.98091360E-15
   1.70902646       8.88375143E-16   1.72253319E-15
   1.71530962       1.44800452E-15   1.24932278E-15
   1.72159278       1.81357081E-15   6.36370242E-16
   1.72787595       1.97832549E-15  -2.96606917E-17
   1.73415911       1.95720240E-15  -7.13626529E-16
   1.74044228       1.71296299E-15  -1.36860397E-15
   1.74672556       1.27035418E-15  -1.87935435E-15
   1.75300872       7.26336099E-16  -2.21291762E-15
   1.75929189       1.11774693E-16  -2.37845030E-15
   1.76557505      -5.38938106E-16  -2.33643684E-15
   1.77185822      -1.13362093E-15  -2.07454695E-15
   1.77814150      -1.59969245E-15  -1.65333430E-15
   1.78442466      -1.92698196E-15  -1.12706458E-15
   1.79070783      -2.09158121E-15  -5.16149214E-16
   1.79699099      -2.04606611E-15   1.17854894E-16
   1.80327415      -1.81072118E-15   6.76732950E-16
   1.80955732      -1.44249954E-15   1.13342453E-15
   1.81584060      -9.45658711E-16   1.45981650E-15
   1.82212377      -3.77993826E-16   1.59435529E-15
   1.82840693       1.81621625E-16   1.55223563E-15
   1.83469009       7.11338057E-16   1.34960841E-15
   1.84097326       1.15539032E-15   9.75558444E-16
   1.84725642       1.43881029E-15   4.86290774E-16
   1.85353971       1.56163208E-15  -3.50550276E-17
   1.85982287       1.54794848E-15  -5.68692944E-16
   1.86610603       1.35953817E-15  -1.09178312E-15
   1.87238920       9.98744595E-16  -1.49762900E-15
   1.87867236       5.69617534E-16  -1.74790818E-15
   1.88495564       9.29893614E-17  -1.88487341E-15
   1.89123881      -4.32168809E-16  -1.85393150E-15
   1.89752197      -9.00821022E-16  -1.63640730E-15
   1.90380514      -1.26295514E-15  -1.30613222E-15
   1.91008830      -1.52750163E-15  -8.91898906E-16
   1.91637146      -1.65499555E-15  -4.00651507E-16
   1.92265475      -1.61418582E-15   9.41127786E-17
   1.92893791      -1.43593938E-15   5.39291584E-16
   1.93522108      -1.13480699E-15   9.05249522E-16
   1.94150424      -7.44175089E-16   1.15330587E-15
   1.94778740      -2.99685312E-16   1.27091322E-15
   1.95407069       1.60914793E-16   1.23618445E-15
   1.96035385       5.74304697E-16   1.05603526E-15
   1.96663702       9.08955714E-16   7.72618721E-16
   1.97292018       1.15438976E-15   3.96939147E-16
   1.97920334       1.25972265E-15  -4.08516314E-17
   1.98548651       1.22590306E-15  -4.68960903E-16
   1.99176979       1.07621412E-15  -8.63146108E-16
   1.99805295       8.09829672E-16  -1.19272234E-15
   2.00433612       4.54384154E-16  -1.40862045E-15
   2.01061940       6.64776868E-17  -1.50030118E-15
   2.01690245      -3.36955742E-16  -1.47791876E-15
   2.02318573      -7.20107495E-16  -1.31341014E-15
   2.02946877      -1.01235959E-15  -1.03945025E-15
   2.03575206      -1.21467193E-15  -7.10431309E-16
   2.04203510      -1.32362736E-15  -3.24231983E-16
   2.04831839      -1.29209423E-15   8.10485328E-17
   2.05460167      -1.14055972E-15   4.32525913E-16
   2.06088471      -9.07074878E-16   7.18698033E-16
   2.06716800      -5.97605144E-16   9.24972578E-16
   2.07345104      -2.35074936E-16   1.01866681E-15
   2.07973433       1.32091903E-16   9.86228307E-16
   2.08601761       4.62075954E-16   8.43228128E-16
   2.09230065       7.30039962E-16   6.11605539E-16
   2.09858394       9.17228156E-16   3.14902842E-16
   2.10486698       1.01176349E-15  -2.62507819E-17
   2.11115026       9.90333981E-16  -3.83493532E-16
   2.11743355       8.53687291E-16  -7.00778098E-16
   2.12371659       6.43177263E-16  -9.45986195E-16
   2.12999988       3.76149835E-16  -1.12831332E-15
   2.13628292       4.95020712E-17  -1.21458161E-15
   2.14256620      -2.80728186E-16  -1.17727098E-15
   2.14884949      -5.68164978E-16  -1.04431814E-15
   2.15513253      -8.07427804E-16  -8.41847041E-16
   2.16141582      -9.81842264E-16  -5.68466575E-16
   2.16769886      -1.05703338E-15  -2.52593431E-16
   2.17398214      -1.03102661E-15   5.95090144E-17
   2.18026519      -9.20745566E-16   3.44664456E-16
   2.18654847      -7.27297640E-16   5.83444711E-16
   2.19283175      -4.69774213E-16   7.38511351E-16
   2.19911480      -1.93972385E-16   8.05412978E-16
   2.20539808       9.76883297E-17   7.96060357E-16
   2.21168113       3.75891252E-16   6.76606954E-16
   2.21796441       5.81882412E-16   4.84102199E-16
   2.22424769       7.31345081E-16   2.54274420E-16
   2.23053074       8.11806435E-16  -2.16386809E-17
   2.23681402       7.91257522E-16  -3.09922314E-16
   2.24309707       6.80582132E-16  -5.59894919E-16
   2.24938035       5.15339451E-16  -7.56060232E-16
   2.25566363       3.01083632E-16  -9.01250150E-16
   2.26194668       4.35657202E-17  -9.71385642E-16
   2.26822996      -2.23248133E-16  -9.44436760E-16
   2.27451301      -4.53155903E-16  -8.36745520E-16
   2.28079629      -6.45607454E-16  -6.77157207E-16
   2.28707933      -7.88029162E-16  -4.55750736E-16
   2.29336262      -8.43745189E-16  -2.01565294E-16
   2.29964590      -8.21943673E-16   4.18962745E-17
   2.30592895      -7.40259574E-16   2.66085951E-16
   2.31221223      -5.92399279E-16   4.61273391E-16
   2.31849527      -3.87386548E-16   5.93543303E-16
   2.32477856      -1.54552940E-16   6.51959989E-16
   2.33106184       8.15741366E-17   6.25357596E-16
   2.33734488       2.79820246E-16   5.32780653E-16
   2.34362817       4.52802744E-16   4.04938976E-16
   2.34991121       5.96388857E-16   2.07867722E-16
   2.35619450       6.40852264E-16  -3.05802584E-17
   2.36247778       6.14053147E-16  -2.34368061E-16
   2.36876082       5.55150529E-16  -4.29986641E-16
   2.37504411       4.21563454E-16  -6.13095470E-16
   2.38132715       2.30580288E-16  -7.23915438E-16
   2.38761044       2.88919166E-17  -7.63759762E-16
   2.39389372      -1.67075992E-16  -7.43355426E-16
   2.40017676      -3.51032688E-16  -6.75748327E-16
   2.40646005      -5.21237447E-16  -5.45726334E-16
   2.41274309      -6.27229592E-16  -3.57105067E-16
   2.41902637      -6.65117375E-16  -1.68148600E-16
   2.42530942      -6.64916946E-16   2.49914689E-17
   2.43159270      -5.93865017E-16   2.19368695E-16
   2.43787599      -4.63991890E-16   3.62997611E-16
   2.44415903      -3.12812444E-16   4.57513729E-16
   2.45044231      -1.39884500E-16   5.11066964E-16
   2.45672536       5.03694826E-17   5.04493247E-16
   2.46300864       2.23715960E-16   4.29305838E-16
   2.46929193       3.56787086E-16   3.11220128E-16
   2.47557497       4.53747080E-16   1.63297682E-16
   2.48185825       4.98857566E-16  -1.02615494E-17
   2.48814130       4.89233101E-16  -1.78857015E-16
   2.49442458       4.38705680E-16  -3.42285008E-16
   2.50070786       3.22012995E-16  -4.82976969E-16
   2.50699091       1.79364640E-16  -5.52628647E-16
   2.51327419       4.21554600E-17  -5.99942743E-16
   2.51955724      -1.37069108E-16  -6.00852350E-16
   2.52584052      -2.87066110E-16  -5.17218805E-16
   2.53212357      -3.89611968E-16  -4.22795860E-16
   2.53840685      -4.90847387E-16  -3.01766499E-16
   2.54469013      -5.37447646E-16  -1.29892079E-16
   2.55097318      -5.11826911E-16   2.42074042E-17
   2.55725646      -4.64248541E-16   1.52038285E-16
   2.56353951      -3.82138994E-16   2.75791307E-16
   2.56982279      -2.53454413E-16   3.61458764E-16
   2.57610607      -1.12963914E-16   3.92906688E-16
   2.58238912       2.44929040E-17   3.84760587E-16
   2.58867240       1.55679454E-16   3.35581431E-16
   2.59495544       2.64270706E-16   2.48649804E-16
   2.60123873       3.43890347E-16   1.33299692E-16
   2.60752201       3.79217842E-16  -4.56672189E-18
   2.61380506       3.66252229E-16  -1.33134878E-16
   2.62008834       3.29826292E-16  -2.47285710E-16
   2.62637138       2.58888103E-16  -3.57780470E-16
   2.63265467       1.43176983E-16  -4.32098400E-16
   2.63893771       2.20292590E-17  -4.53585455E-16
   2.64522099      -9.26566826E-17  -4.46806015E-16
   2.65150428      -2.08397250E-16  -4.07047850E-16
   2.65778732      -3.04548579E-16  -3.26942939E-16
   2.66407061      -3.68204481E-16  -2.27774624E-16
   2.67035365      -4.06276997E-16  -1.14210640E-16
   2.67663693      -4.02256608E-16   1.06697713E-17
   2.68292022      -3.54152231E-16   1.14439710E-16
   2.68920326      -2.96618974E-16   1.91125176E-16
   2.69548655      -2.17179684E-16   2.69703073E-16
   2.70176959      -9.05340842E-17   3.04641196E-16
   2.70805287       1.16185954E-17   2.71323499E-16
   2.71433616       7.91817847E-17   2.49573493E-16
   2.72061920       1.85564881E-16   2.12893817E-16
   2.72690248       2.63458613E-16   9.63157789E-17
   2.73318553       2.55697277E-16  -1.04308733E-17
   2.73946881       2.53645869E-16  -6.89239643E-17
   2.74575210       2.62491249E-16  -1.68005094E-16
   2.75203514       1.88731712E-16  -2.78087269E-16
   2.75831842       8.48323481E-17  -3.02850516E-16
   2.76460147       3.22594119E-17  -3.07766880E-16
   2.77088475      -4.76558901E-17  -3.40829726E-16
   2.77716780      -1.66771920E-16  -3.06823233E-16
   2.78345108      -2.20768629E-16  -2.20775604E-16
   2.78973436      -2.45102298E-16  -1.74249500E-16
   2.79601741      -3.01262567E-16  -1.10325042E-16
   2.80230069      -3.10800688E-16   4.86397420E-18
   2.80858374      -2.55879786E-16   8.25111536E-17
   2.81486702      -2.17261648E-16   1.18771701E-16
   2.82115030      -1.79214000E-16   1.74812552E-16
   2.82743335      -9.56149452E-17   2.15890222E-16
   2.83371663      -1.02726410E-17   2.02699550E-16
   2.83999968       4.70065169E-17   1.73684344E-16
   2.84628296       1.01956006E-16   1.41167993E-16
   2.85256624       1.49504293E-16   8.67368157E-17
   2.85884929       1.74199949E-16   2.22797045E-17
   2.86513257       1.80042954E-16  -4.77295985E-17
   2.87141562       1.55819003E-16  -1.10745243E-16
   2.87769890       1.24970963E-16  -1.53684321E-16
   2.88398194       8.33927561E-17  -1.99181730E-16
   2.89026523       1.51364027E-17  -2.18499018E-16
   2.89654851      -3.69144502E-17  -2.06443780E-16
   2.90283155      -8.14569615E-17  -1.99301572E-16
   2.90911484      -1.39921968E-16  -1.75240172E-16
   2.91539788      -1.79648780E-16  -1.20012035E-16
   2.92168117      -1.90759218E-16  -6.96132175E-17
   2.92796445      -1.98795165E-16  -2.14218603E-17
   2.93424749      -1.86468917E-16   2.97759014E-17
   2.94053078      -1.64306498E-16   6.72958412E-17
   2.94681382      -1.33078432E-16   1.03414828E-16
   2.95309711      -8.44069060E-17   1.21370491E-16
   2.95938039      -4.53273304E-17   1.17880530E-16
   2.96566343      -8.77023704E-18   1.16678815E-16
   2.97194672       3.57479899E-17   9.93219584E-17
   2.97822976       6.60497763E-17   6.41414177E-17
   2.98451304       7.96331474E-17   2.77116606E-17
   2.99079633       8.36648919E-17  -5.17070601E-18
   2.99707937       8.17224931E-17  -3.59682218E-17
   3.00336266       7.13566429E-17  -6.51427033E-17
   3.00964570       5.46464960E-17  -9.23003597E-17
   3.01592898       1.88231764E-17  -1.13949026E-16
   3.02221203      -1.64704432E-17  -1.04210536E-16
   3.02849531      -2.72559354E-17  -9.88633894E-17
   3.03477859      -5.71590009E-17  -1.06249609E-16
   3.04106164      -9.51154803E-17  -8.02390870E-17
   3.04734492      -9.92950916E-17  -4.73566889E-17
   3.05362797      -1.00957182E-16  -3.51170033E-17
   3.05991125      -1.11544763E-16  -1.71022884E-17
   3.06619453      -1.10455704E-16   9.33434775E-18
   3.07247758      -9.71474462E-17   2.73817098E-17
   3.07876086      -8.60572835E-17   3.69771241E-17
   3.08504391      -7.20678859E-17   4.93207896E-17
   3.09132719      -5.11406134E-17   5.11276267E-17
   3.09761047      -4.09669768E-17   4.78005838E-17
   3.10389352      -2.56068516E-17   5.27371382E-17
   3.11017680      -6.23796670E-18   4.21407626E-17
   3.11645985      -2.49157554E-18   3.37472882E-17
   3.12274313       9.07532110E-18   3.20005342E-17
   3.12902617       1.98795572E-17   1.84868613E-17
   3.13530946       1.92557919E-17   6.90764137E-18
  -3.14159274       1.93178404E-17   2.46744536E-26
  -3.13530946       1.92557919E-17  -6.90764137E-18
  -3.12902617       1.98795572E-17  -1.84868613E-17
  -3.12274313       9.07532110E-18  -3.20005342E-17
  -3.11645985      -2.49157554E-18  -3.37472882E-17
  -3.11017680      -6.23796670E-18  -4.21407626E-17
  -3.10389352      -2.56068482E-17  -5.27371382E-17
  -3.09761047      -4.09669768E-17  -4.78005838E-17
  -3.09132719      -5.11406134E-17  -5.11276267E-17
  -3.08504391      -7.20678859E-17  -4.93207896E-17
  -3.07876086      -8.60572835E-17  -3.69771241E-17
  -3.07247758      -9.71474462E-17  -2.73817082E-17
  -3.06619453      -1.10455704E-16  -9.33434775E-18
  -3.05991125      -1.11544763E-16   1.71022900E-17
  -3.05362797      -1.00957182E-16   3.51170033E-17
  -3.04734492      -9.92950916E-17   4.73566856E-17
  -3.04106164      -9.51154803E-17   8.02390870E-17
  -3.03477859      -5.71590009E-17   1.06249609E-16
  -3.02849531      -2.72559354E-17   9.88633894E-17
  -3.02221203      -1.64704399E-17   1.04210536E-16
  -3.01592898       1.88231764E-17   1.13949026E-16
  -3.00964570       5.46464960E-17   9.23003597E-17
  -3.00336266       7.13566429E-17   6.51427033E-17
  -2.99707937       8.17224931E-17   3.59682218E-17
  -2.99079633       8.36648919E-17   5.17070932E-18
  -2.98451304       7.96331474E-17  -2.77116606E-17
  -2.97822976       6.60497763E-17  -6.41414177E-17
  -2.97194672       3.57479899E-17  -9.93219584E-17
  -2.96566343      -8.77023704E-18  -1.16678815E-16
  -2.95938039      -4.53273304E-17  -1.17880530E-16
  -2.95309711      -8.44069060E-17  -1.21370478E-16
  -2.94681382      -1.33078432E-16  -1.03414828E-16
  -2.94053078      -1.64306498E-16  -6.72958280E-17
  -2.93424749      -1.86468917E-16  -2.97759014E-17
  -2.92796445      -1.98795165E-16   2.14218603E-17
  -2.92168117      -1.90759218E-16   6.96132175E-17
  -2.91539788      -1.79648780E-16   1.20012035E-16
  -2.90911484      -1.39921968E-16   1.75240172E-16
  -2.90283155      -8.14569615E-17   1.99301572E-16
  -2.89654851      -3.69144502E-17   2.06443780E-16
  -2.89026523       1.51364027E-17   2.18499018E-16
  -2.88398194       8.33927561E-17   1.99181730E-16
  -2.87769890       1.24970963E-16   1.53684321E-16
  -2.87141562       1.55819003E-16   1.10745243E-16
  -2.86513257       1.80042954E-16   4.77295985E-17
  -2.85884929       1.74199949E-16  -2.22797061E-17
  -2.85256624       1.49504293E-16  -8.67368157E-17
  -2.84628296       1.01956006E-16  -1.41167993E-16
  -2.83999968       4.70065169E-17  -1.73684344E-16
  -2.83371663      -1.02726410E-17  -2.02699550E-16
  -2.82743335      -9.56149452E-17  -2.15890222E-16
  -2.82115030      -1.79214000E-16  -1.74812552E-16
  -2.81486702      -2.17261648E-16  -1.18771701E-16
  -2.80858374      -2.55879786E-16  -8.25111536E-17
  -2.80230069      -3.10800688E-16  -4.86397420E-18
  -2.79601741      -3.01262567E-16   1.10325042E-16
  -2.78973436      -2.45102298E-16   1.74249500E-16
  -2.78345108      -2.20768629E-16   2.20775604E-16
  -2.77716780      -1.66771920E-16   3.06823233E-16
  -2.77088475      -4.76558901E-17   3.40829726E-16
  -2.76460147       3.22594119E-17   3.07766880E-16
  -2.75831842       8.48323481E-17   3.02850516E-16
  -2.75203514       1.88731712E-16   2.78087269E-16
  -2.74575210       2.62491249E-16   1.68005094E-16
  -2.73946881       2.53645869E-16   6.89239643E-17
  -2.73318553       2.55697277E-16   1.04308733E-17
  -2.72690248       2.63458613E-16  -9.63157789E-17
  -2.72061920       1.85564881E-16  -2.12893817E-16
  -2.71433616       7.91817781E-17  -2.49573493E-16
  -2.70805287       1.16185954E-17  -2.71323499E-16
  -2.70176959      -9.05340842E-17  -3.04641223E-16
  -2.69548655      -2.17179684E-16  -2.69703073E-16
  -2.68920326      -2.96619000E-16  -1.91125176E-16
  -2.68292022      -3.54152231E-16  -1.14439710E-16
  -2.67663693      -4.02256608E-16  -1.06697729E-17
  -2.67035365      -4.06276997E-16   1.14210640E-16
  -2.66407061      -3.68204481E-16   2.27774624E-16
  -2.65778732      -3.04548579E-16   3.26942912E-16
  -2.65150428      -2.08397250E-16   4.07047850E-16
  -2.64522099      -9.26566826E-17   4.46806015E-16
  -2.63893771       2.20292623E-17   4.53585455E-16
  -2.63265467       1.43176983E-16   4.32098400E-16
  -2.62637138       2.58888103E-16   3.57780470E-16
  -2.62008834       3.29826292E-16   2.47285710E-16
  -2.61380506       3.66252229E-16   1.33134878E-16
  -2.60752201       3.79217842E-16   4.56672189E-18
  -2.60123873       3.43890347E-16  -1.33299692E-16
  -2.59495544       2.64270706E-16  -2.48649804E-16
  -2.58867240       1.55679454E-16  -3.35581431E-16
  -2.58238912       2.44929040E-17  -3.84760587E-16
  -2.57610607      -1.12963914E-16  -3.92906688E-16
  -2.56982279      -2.53454413E-16  -3.61458764E-16
  -2.56353951      -3.82138994E-16  -2.75791307E-16
  -2.55725646      -4.64248541E-16  -1.52038285E-16
  -2.55097318      -5.11826911E-16  -2.42074042E-17
  -2.54469013      -5.37447646E-16   1.29892079E-16
  -2.53840685      -4.90847387E-16   3.01766499E-16
  -2.53212357      -3.89611968E-16   4.22795860E-16
  -2.52584052      -2.87066110E-16   5.17218805E-16
  -2.51955724      -1.37069108E-16   6.00852350E-16
  -2.51327419       4.21554600E-17   5.99942743E-16
  -2.50699091       1.79364640E-16   5.52628647E-16
  -2.50070786       3.22012995E-16   4.82976969E-16
  -2.49442458       4.38705680E-16   3.42285008E-16
  -2.48814130       4.89233101E-16   1.78857015E-16
  -2.48185825       4.98857566E-16   1.02615494E-17
  -2.47557497       4.53747080E-16  -1.63297682E-16
  -2.46929193       3.56787086E-16  -3.11220128E-16
  -2.46300864       2.23715960E-16  -4.29305838E-16
  -2.45672536       5.03694826E-17  -5.04493247E-16
  -2.45044231      -1.39884500E-16  -5.11066964E-16
  -2.44415903      -3.12812444E-16  -4.57513729E-16
  -2.43787599      -4.63991890E-16  -3.62997611E-16
  -2.43159270      -5.93865017E-16  -2.19368695E-16
  -2.42530942      -6.64916946E-16  -2.49914689E-17
  -2.41902637      -6.65117375E-16   1.68148587E-16
  -2.41274309      -6.27229592E-16   3.57105067E-16
  -2.40646005      -5.21237447E-16   5.45726334E-16
  -2.40017676      -3.51032688E-16   6.75748327E-16
  -2.39389372      -1.67075992E-16   7.43355426E-16
  -2.38761044       2.88919166E-17   7.63759815E-16
  -2.38132715       2.30580288E-16   7.23915438E-16
  -2.37504411       4.21563454E-16   6.13095470E-16
  -2.36876082       5.55150529E-16   4.29986641E-16
  -2.36247778       6.14053147E-16   2.34368061E-16
  -2.35619450       6.40852264E-16   3.05802584E-17
  -2.34991121       5.96388857E-16  -2.07867722E-16
  -2.34362817       4.52802744E-16  -4.04938976E-16
  -2.33734488       2.79820246E-16  -5.32780653E-16
  -2.33106184       8.15741366E-17  -6.25357596E-16
  -2.32477856      -1.54552954E-16  -6.51959989E-16
  -2.31849527      -3.87386521E-16  -5.93543303E-16
  -2.31221223      -5.92399279E-16  -4.61273391E-16
  -2.30592895      -7.40259574E-16  -2.66085951E-16
  -2.29964590      -8.21943673E-16  -4.18962745E-17
  -2.29336262      -8.43745189E-16   2.01565294E-16
  -2.28707933      -7.88029162E-16   4.55750736E-16
  -2.28079629      -6.45607454E-16   6.77157207E-16
  -2.27451301      -4.53155903E-16   8.36745520E-16
  -2.26822996      -2.23248133E-16   9.44436760E-16
  -2.26194668       4.35657202E-17   9.71385642E-16
  -2.25566363       3.01083632E-16   9.01250150E-16
  -2.24938035       5.15339451E-16   7.56060232E-16
  -2.24309707       6.80582132E-16   5.59894919E-16
  -2.23681402       7.91257522E-16   3.09922314E-16
  -2.23053074       8.11806435E-16   2.16386809E-17
  -2.22424769       7.31345081E-16  -2.54274420E-16
  -2.21796441       5.81882412E-16  -4.84102199E-16
  -2.21168113       3.75891252E-16  -6.76606954E-16
  -2.20539808       9.76883297E-17  -7.96060357E-16
  -2.19911480      -1.93972385E-16  -8.05412978E-16
  -2.19283175      -4.69774160E-16  -7.38511351E-16
  -2.18654847      -7.27297640E-16  -5.83444711E-16
  -2.18026519      -9.20745566E-16  -3.44664456E-16
  -2.17398214      -1.03102661E-15  -5.95090144E-17
  -2.16769886      -1.05703338E-15   2.52593431E-16
  -2.16141582      -9.81842264E-16   5.68466575E-16
  -2.15513253      -8.07427804E-16   8.41847041E-16
  -2.14884949      -5.68164978E-16   1.04431814E-15
  -2.14256620      -2.80728186E-16   1.17727098E-15
  -2.13628292       4.95020646E-17   1.21458161E-15
  -2.12999988       3.76149835E-16   1.12831332E-15
  -2.12371659       6.43177263E-16   9.45986195E-16
  -2.11743355       8.53687291E-16   7.00778098E-16
  -2.11115026       9.90333981E-16   3.83493532E-16
  -2.10486698       1.01176349E-15   2.62507819E-17
  -2.09858394       9.17228156E-16  -3.14902842E-16
  -2.09230065       7.30039962E-16  -6.11605539E-16
  -2.08601761       4.62075954E-16  -8.43228128E-16
  -2.07973433       1.32091903E-16  -9.86228307E-16
  -2.07345104      -2.35074936E-16  -1.01866681E-15
  -2.06716800      -5.97605144E-16  -9.24972578E-16
  -2.06088471      -9.07074878E-16  -7.18698033E-16
  -2.05460167      -1.14055972E-15  -4.32525913E-16
  -2.04831839      -1.29209423E-15  -8.10485328E-17
  -2.04203510      -1.32362736E-15   3.24231983E-16
  -2.03575206      -1.21467193E-15   7.10431309E-16
  -2.02946877      -1.01235959E-15   1.03945025E-15
  -2.02318573      -7.20107495E-16   1.31341014E-15
  -2.01690245      -3.36955742E-16   1.47791876E-15
  -2.01061940       6.64776868E-17   1.50030118E-15
  -2.00433612       4.54384154E-16   1.40862045E-15
  -1.99805295       8.09829672E-16   1.19272234E-15
  -1.99176979       1.07621412E-15   8.63146108E-16
  -1.98548651       1.22590306E-15   4.68960903E-16
  -1.97920334       1.25972265E-15   4.08516314E-17
  -1.97292018       1.15438976E-15  -3.96939147E-16
  -1.96663702       9.08955714E-16  -7.72618721E-16
  -1.96035385       5.74304697E-16  -1.05603526E-15
  -1.95407069       1.60914793E-16  -1.23618445E-15
  -1.94778740      -2.99685312E-16  -1.27091322E-15
  -1.94150424      -7.44175089E-16  -1.15330587E-15
  -1.93522108      -1.13480699E-15  -9.05249522E-16
  -1.92893791      -1.43593938E-15  -5.39291584E-16
  -1.92265475      -1.61418582E-15  -9.41127786E-17
  -1.91637146      -1.65499555E-15   4.00651507E-16
  -1.91008830      -1.52750163E-15   8.91898906E-16
  -1.90380514      -1.26295514E-15   1.30613222E-15
  -1.89752197      -9.00821022E-16   1.63640730E-15
  -1.89123881      -4.32168809E-16   1.85393150E-15
  -1.88495564       9.29893614E-17   1.88487341E-15
  -1.87867236       5.69617534E-16   1.74790818E-15
  -1.87238920       9.98744595E-16   1.49762900E-15
  -1.86610603       1.35953817E-15   1.09178312E-15
  -1.85982287       1.54794848E-15   5.68692944E-16
  -1.85353971       1.56163208E-15   3.50550276E-17
  -1.84725642       1.43881029E-15  -4.86290774E-16
  -1.84097326       1.15539032E-15  -9.75558444E-16
  -1.83469009       7.11338057E-16  -1.34960841E-15
  -1.82840693       1.81621625E-16  -1.55223563E-15
  -1.82212377      -3.77993826E-16  -1.59435529E-15
  -1.81584060      -9.45658711E-16  -1.45981650E-15
  -1.80955732      -1.44249954E-15  -1.13342453E-15
  -1.80327415      -1.81072118E-15  -6.76732950E-16
  -1.79699099      -2.04606611E-15  -1.17854894E-16
  -1.79070783      -2.09158121E-15   5.16149214E-16
  -1.78442466      -1.92698196E-15   1.12706458E-15
  -1.77814150      -1.59969245E-15   1.65333430E-15
  -1.77185822      -1.13362093E-15   2.07454695E-15
  -1.76557505      -5.38938106E-16   2.33643684E-15
  -1.75929189       1.11774693E-16   2.37845030E-15
  -1.75300872       7.26336099E-16   2.21291762E-15
  -1.74672556       1.27035418E-15   1.87935435E-15
  -1.74044228       1.71296299E-15   1.36860397E-15
  -1.73415911       1.95720240E-15   7.13626529E-16
  -1.72787595       1.97832549E-15   2.96606917E-17
  -1.72159278       1.81357081E-15  -6.36370242E-16
  -1.71530962       1.44800452E-15  -1.24932278E-15
  -1.70902646       8.88375143E-16  -1.72253319E-15
  -1.70274317       2.08638138E-16  -1.98091360E-15
  -1.69646001      -5.02506108E-16  -2.02073982E-15
  -1.69017684      -1.20754277E-15  -1.85397089E-15
  -1.68389368      -1.85598238E-15  -1.45678613E-15
  -1.67761052      -2.34280801E-15  -8.44605510E-16
  -1.67132723      -2.60334666E-15  -1.18686865E-16
  -1.66504407      -2.65565962E-15   6.49674165E-16
  -1.65876091      -2.48296062E-15   1.43271896E-15
  -1.65247774      -2.05309203E-15   2.14179544E-15
  -1.64619458      -1.41721191E-15   2.66001231E-15
  -1.63991141      -6.84072120E-16   2.95483971E-15
  -1.63362813       1.16497576E-16   3.04297687E-15
  -1.62734497       9.47545583E-16   2.85174606E-15
  -1.62106180       1.65621062E-15   2.36948700E-15
  -1.61477864       2.16500880E-15   1.71249924E-15
  -1.60849547       2.49002657E-15   9.23033614E-16
  -1.60221219       2.55471130E-15   1.78281377E-17
  -1.59592903       2.30710175E-15  -8.64883955E-16
  -1.58964586       1.81690769E-15  -1.61925139E-15
  -1.58336270       1.12260051E-15  -2.21569610E-15
  -1.57707953       2.51144422E-16  -2.57046209E-15
  -1.57079637      -6.89933376E-16  -2.62239833E-15
  -1.56451309      -1.60430380E-15  -2.38100326E-15
  -1.55822992      -2.41820325E-15  -1.85895208E-15
  -1.55194676      -3.04125613E-15  -1.08743784E-15
  -1.54566360      -3.39747499E-15  -1.46316802E-16
  -1.53938043      -3.45728335E-15   8.70411480E-16
  -1.53309727      -3.21023094E-15   1.87641896E-15
  -1.52681398      -2.65914559E-15   2.77620025E-15
  -1.52053082      -1.84922200E-15   3.45646067E-15
  -1.51424766      -8.80025410E-16   3.85521540E-15
  -1.50796449       1.81893615E-16   3.94127268E-15
  -1.50168133       1.22805134E-15   3.66964658E-15
  -1.49539804       2.13997220E-15   3.07890738E-15
  -1.48911488       2.84232006E-15   2.21174639E-15
  -1.48283172       3.23991775E-15   1.14205378E-15
  -1.47654855       3.29163970E-15  -1.10491742E-17
  -1.47026539       2.99584521E-15  -1.14992102E-15
  -1.46398222       2.34928802E-15  -2.16811487E-15
  -1.45769894       1.40687323E-15  -2.93510829E-15
  -1.45141578       2.76236211E-16  -3.37586548E-15
  -1.44513261      -9.51322079E-16  -3.45617522E-15
  -1.43884945      -2.17314900E-15  -3.13310076E-15
  -1.43256629      -3.23262374E-15  -2.42087543E-15
  -1.42628300      -4.03520652E-15  -1.42041920E-15
  -1.41999984      -4.53052851E-15  -1.81859628E-16
  -1.41371667      -4.60033758E-15   1.19613504E-15
  -1.40743351      -4.23508681E-15   2.51482409E-15
  -1.40115035      -3.51664236E-15   3.67294450E-15
  -1.39486718      -2.46377426E-15   4.59320090E-15
  -1.38858390      -1.14501257E-15   5.13040699E-15
  -1.38230073       2.67359491E-16   5.20653365E-15
  -1.37601757       1.63441762E-15   4.84665095E-15
  -1.36973441       2.85677426E-15   4.06210743E-15
  -1.36345124       3.78673829E-15   2.89020093E-15
  -1.35716808       4.30480228E-15   1.45973497E-15
  -1.35088480       4.36418649E-15  -8.76711526E-17
  -1.34460163       3.94263090E-15  -1.60767404E-15
  -1.33831847       3.07527022E-15  -2.94654323E-15
  -1.33203530       1.82115260E-15  -3.98629290E-15
  -1.32575214       2.69873856E-16  -4.58109638E-15
  -1.31946886      -1.38923292E-15  -4.64719290E-15
  -1.31318569      -3.00232522E-15  -4.20557618E-15
  -1.30690253      -4.44491169E-15  -3.26544542E-15
  -1.30061936      -5.54781424E-15  -1.87466264E-15
  -1.29433620      -6.16698685E-15  -1.78598988E-16
  -1.28805304      -6.24911643E-15   1.64455280E-15
  -1.28176975      -5.78454893E-15   3.44057499E-15
  -1.27548659      -4.78449144E-15   5.04062742E-15
  -1.26920342      -3.32235608E-15   6.26840973E-15
  -1.26292026      -1.53446826E-15   6.97456754E-15
  -1.25663710       3.84200142E-16   7.07386987E-15
  -1.25035393       2.25168187E-15   6.57569380E-15
  -1.24407065       3.92499948E-15   5.48792223E-15
  -1.23778749       5.18398987E-15   3.85992660E-15
  -1.23150432       5.86577600E-15   1.89535544E-15
  -1.22522116       5.93994390E-15  -2.16995336E-16
  -1.21893799       5.36519944E-15  -2.32695345E-15
  -1.21265471       4.12005635E-15  -4.19443304E-15
  -1.20637155       2.34920670E-15  -5.57722110E-15
  -1.20008838       2.39987224E-16  -6.37639965E-15
  -1.19380522      -2.07415118E-15  -6.50087707E-15
  -1.18752205      -4.36140272E-15  -5.85174152E-15
  -1.18123889      -6.34224940E-15  -4.48902898E-15
  -1.17495561      -7.84277716E-15  -2.56161779E-15
  -1.16867244      -8.72363298E-15  -2.00999357E-16
  -1.16238928      -8.83475523E-15   2.38552811E-15
  -1.15610611      -8.14032798E-15   4.91007678E-15
  -1.14982295      -6.71625468E-15   7.13272469E-15
  -1.14353979      -4.65503982E-15   8.84395232E-15
  -1.13725650      -2.13911606E-15   9.82770485E-15
  -1.13097334       5.80055362E-16   9.97442197E-15
  -1.12469018       3.25462966E-15   9.23460137E-15
  -1.11840701       5.58870729E-15   7.63716754E-15
  -1.11212385       7.33611678E-15   5.34898680E-15
  -1.10584056       8.33457381E-15   2.55021927E-15
  -1.09955740       8.41340547E-15  -5.22256692E-16
  -1.09327424       7.51593341E-15  -3.52371233E-15
  -1.08699107       5.73824927E-15  -6.15299725E-15
  -1.08070791       3.20504392E-15  -8.17435922E-15
  -1.07442474       9.97631302E-17  -9.33229730E-15
  -1.06814146      -3.24913432E-15  -9.45152058E-15
  -1.06185830      -6.51554684E-15  -8.53324200E-15
  -1.05557513      -9.41516254E-15  -6.62604228E-15
  -1.04929197      -1.16402232E-14  -3.93490172E-15
  -1.04300880      -1.39082929E-14  -1.20501851E-15
  -1.03672552      -1.32698596E-14   5.98604537E-15
  -1.03044236      -1.02077499E-14   5.97697110E-15
  -1.02415919      -1.21178194E-14   1.06983031E-14
  -1.01787603      -4.81770995E-15   1.46257027E-14
  -1.01159286      -3.53446478E-15   1.19979490E-14
  -1.00530970      -2.42162273E-16   1.70128736E-14
 -0.999026477       7.50958235E-15   1.24200670E-14
 -0.992743254       5.57884190E-15   1.02500355E-14
 -0.986460090       1.26500085E-14   1.01461435E-14
 -0.980176926       1.26364475E-14   2.24340699E-16
 -0.973893702       1.00866293E-14   1.18915697E-15
 -0.967610538       1.44502838E-14  -6.14839702E-15
 -0.961327374       5.13454093E-15  -1.15825996E-14
 -0.955044150       5.61525669E-15  -9.09815114E-15
 -0.948760986       8.40479400E-16  -1.81365594E-14
 -0.942477822      -9.04303217E-15  -1.21944386E-14
 -0.936194599      -6.21988321E-15  -1.25959313E-14
 -0.929911435      -1.83542926E-14  -1.30028451E-14
 -0.923628211      -1.75572075E-14  -7.14059998E-16
 -0.917345047      -1.78013037E-14  -4.52022436E-15
 -0.911061883      -2.52213767E-14   7.89809180E-15
 -0.904778659      -1.33551304E-14   1.28116020E-14
 -0.898495495      -1.90559950E-14   1.20672871E-14
 -0.892212331      -1.03485437E-14   2.65141997E-14
 -0.885929108      -1.06822332E-15   1.73498114E-14
 -0.879645944      -4.75563853E-15   2.49587812E-14
 -0.873362780       1.45504472E-14   2.31646553E-14
 -0.867079556       8.95627312E-15   1.10532379E-14
 -0.860796392       1.72038033E-14   1.93530969E-14
 -0.854513228       2.44375223E-14  -1.80748445E-15
 -0.848230004       1.12538949E-14  -8.58611888E-17
 -0.841946840       2.57704082E-14  -7.03470985E-15
 -0.835663676       6.97893400E-15  -2.40386002E-14
 -0.829380453       6.28054559E-15  -1.10866940E-14
 -0.823097289       4.33016118E-15  -3.25912765E-14
 -0.816814065      -2.05754230E-14  -2.00376282E-14
 -0.810530901      -6.98959857E-15  -1.85617818E-14
 -0.804247737      -3.39497954E-14  -2.55903883E-14
 -0.797964513      -2.96669021E-14   4.14719909E-15
 -0.791681349      -2.80695775E-14  -1.21518633E-14
 -0.785398185      -4.73711714E-14   1.70370394E-14
 -0.779114962      -1.64567507E-14   2.09156965E-14
 -0.772831798      -3.88524255E-14   1.81558886E-14
 -0.766548634      -1.23490627E-14   5.09864368E-14
 -0.760265410      -3.27687952E-15   2.07579620E-14
 -0.753982246      -1.10089262E-14   5.17041345E-14
 -0.747699022       3.38270637E-14   3.17200998E-14
 -0.741415858       3.22335762E-15   2.03730736E-14
 -0.735132694       4.34506862E-14   3.71954190E-14
 -0.728849471       3.22513859E-14  -1.74546385E-14
 -0.722566307       2.17008299E-14   1.61237160E-14
 -0.716283143       5.26223962E-14  -3.33373533E-14
 -0.709999919      -7.81285488E-15  -3.11702737E-14
 -0.703716755       3.51869785E-14  -2.37701416E-14
 -0.697433591      -2.04087777E-14  -7.31103207E-14
 -0.691150367      -2.23480665E-14  -1.03074347E-14
 -0.684867203      -1.64671760E-14  -7.06452854E-14
 -0.678584039      -8.44006397E-14  -1.24419958E-14
 -0.672300816      -1.89898011E-14  -1.45986688E-14
 -0.666017652      -1.03396438E-13  -2.26131268E-14
 -0.659734488      -4.40701823E-14   6.02436056E-14
 -0.653451264      -6.10053051E-14  -1.20096583E-14
 -0.647168100      -7.59074607E-14   1.00539667E-13
 -0.640884876       1.34944546E-14   3.64941028E-14
 -0.634601712      -7.46688952E-14   7.80659920E-14
 -0.628318548       6.54747253E-14   1.00534767E-13
 -0.622035325      -1.40666694E-14   1.35268765E-14
 -0.615752161       5.97172322E-14   1.25701248E-13
 -0.609468997       8.40208708E-14  -4.08806188E-14
 -0.603185773       9.46456997E-15   6.81285743E-14
 -0.596902609       1.52229154E-13  -4.62092624E-14
 -0.590619445      -3.59928355E-14  -6.06743049E-14
 -0.584336221       1.22817379E-13  -1.06044671E-14
 -0.578053057      -3.54644021E-14  -1.86075805E-13
 -0.571769834      -1.54016899E-14   1.68004919E-14
 -0.565486670       3.49845148E-15  -2.13136583E-13
 -0.559203506      -1.92029579E-13  -9.05057076E-15
 -0.552920282       2.41188515E-14  -9.66380906E-14
 -0.546637118      -2.89201199E-13  -7.96528235E-14
 -0.540353954      -3.28106073E-14   1.11144872E-13
 -0.534070730      -2.21104114E-13  -1.21502065E-13
 -0.527787566      -1.63434031E-13   2.76142905E-13
 -0.521504402      -1.04252485E-14  -4.58002234E-14
 -0.515221179      -2.70280949E-13   2.68608324E-13
 -0.508938015       2.00979519E-13   1.61760891E-13
 -0.502654791      -2.11144307E-13   7.27464489E-14
 -0.496371627       2.39639553E-13   3.75283165E-13
 -0.490088463       7.36737060E-14  -1.63323551E-13
 -0.483805269       5.51705017E-14   3.69152571E-13
 -0.477522075       4.33456412E-13  -2.18569019E-13
 -0.471238911      -1.77932213E-13   2.76245650E-15
 -0.464955717       5.25396133E-13  -2.18213729E-14
 -0.458672523      -1.67835255E-13  -5.46127813E-13
 -0.452389330       9.28366880E-14   1.70489463E-13
 -0.446106166       1.42030593E-13  -7.65574236E-13
 -0.439822972      -6.24656522E-13  -5.07584663E-14
 -0.433539778       2.89974831E-13  -2.72363675E-13
 -0.427256614      -8.72010688E-13  -6.33876632E-13
 -0.420973420      -3.09513889E-13   5.01985118E-13
 -0.414690226      -2.42537923E-13  -6.92743172E-13
 -0.408407032      -1.25642357E-12   4.84942707E-13
 -0.402123868       3.16102315E-13   4.73210501E-13
 -0.395840675      -9.82417381E-13  -3.38856113E-13
 -0.389557481      -4.42567803E-13   1.57172398E-12
 -0.383274287       7.66407608E-13  -5.31050288E-14
 -0.376991123      -1.12400714E-12   4.95762231E-13
 -0.370707929       1.13118076E-12   1.72195797E-12
 -0.364424735       9.30933932E-13  -1.00923653E-12
 -0.358141571      -7.00831103E-13   9.83296235E-13
 -0.351858377       2.67069808E-12   6.49464315E-13
 -0.345575184       5.26703193E-13  -2.61925182E-12
 -0.339292020      -6.13851851E-13   7.63549488E-13
 -0.333008826       3.46386548E-12  -1.34332888E-12
 -0.326725632      -1.14794242E-12  -4.98853129E-12
 -0.320442438      -2.11254104E-12   4.67816866E-13
 -0.314159274       3.24187292E-12  -3.27125653E-12
 -0.307876080      -4.78637399E-12  -7.91978982E-12
 -0.301592886      -6.47775930E-12   1.77408901E-12
 -0.295309722       2.88426661E-12  -3.14930590E-12
 -0.289026529      -1.02007309E-11  -1.17185350E-11
 -0.282743335      -1.57706261E-11   7.07738078E-12
 -0.276460141       5.58082226E-12   3.32573617E-12
 -0.270176977      -1.42041743E-11  -1.99929413E-11
 -0.263893783      -3.75655340E-11   1.78322739E-11
 -0.257610589       1.80726649E-11   3.06463639E-11
 -0.251327395       1.17657360E-12  -4.74723559E-11
 -0.245044231      -1.06642757E-10   2.05506341E-11
 -0.238761038       4.03078439E-11   1.51929538E-10
 -0.232477859       1.59772584E-10  -1.31058983E-10
 -0.226194665      -3.69505648E-10  -1.62370187E-10
 -0.219911486      -1.57617377E-10   7.67178820E-10
 -0.213628307       1.27687494E-09  -2.31247591E-11
 -0.207345113      -6.51544485E-10  -1.77521586E-09
 -0.201061934      -2.03164641E-09   1.66357872E-09
 -0.194778740       2.50316168E-09   1.89453697E-09
 -0.188495561       1.37327971E-09  -2.84437118E-09
 -0.182212368      -2.86677659E-09  -5.43162626E-10
 -0.175929189       3.96921385E-10   2.85796053E-09
 -0.169645995       2.86423174E-09  -1.14287024E-09
 -0.163362816      -1.56294355E-09  -2.64860667E-09
 -0.157079637      -2.04592565E-09   1.88391969E-09
 -0.150796443       2.36417041E-09   1.28200606E-09
 -0.144513264       7.02198022E-10  -2.87603052E-09
 -0.138230085      -3.02346548E-09  -3.13395920E-10
 -0.131946892       1.16597801E-10   2.45405807E-09
 -0.125663713       1.22617472E-09  -4.04956957E-10
 -0.119380519      -3.16266152E-10  -3.37785661E-10
 -0.113097340      -9.22456000E-11   1.83948301E-10
 -0.106814153       6.78599468E-11   6.92651422E-11
 -0.100530960       3.17998787E-11   1.61563991E-11
  -9.42477807E-02   2.11928704E-11   2.09990792E-11
  -8.79645869E-02   2.49924439E-11   1.60237795E-11
  -8.16814080E-02   2.32637330E-11   8.47740367E-12
  -7.53982216E-02   2.03016787E-11   4.13817071E-12
  -6.91150427E-02   1.79648831E-11   8.52772714E-13
  -6.28318489E-02   1.54624785E-11  -1.95114042E-12
  -5.65486699E-02   1.28221947E-11  -3.97139786E-12
  -5.02654798E-02   1.02074200E-11  -5.33320523E-12
  -4.39823009E-02   7.68529337E-12  -6.08774923E-12
  -3.76991108E-02   5.33108497E-12  -6.29370861E-12
  -3.14159282E-02   3.21408980E-12  -6.01562810E-12
  -2.51327399E-02   1.39536971E-12  -5.32393140E-12
  -1.88495591E-02  -7.37079668E-14  -4.29449705E-12
  -1.25663700E-02  -1.15248663E-12  -3.00775442E-12
  -6.28319010E-03  -1.81160404E-12  -1.54754074E-12
