        1000
 freq		real			imaginary
   0.00000000       5.12699638E-13   0.00000000    
   6.28319010E-03   4.79868966E-13  -2.32321595E-13
   1.25663700E-02   3.81843862E-13  -4.52287269E-13
   1.88495591E-02   2.20030808E-13  -6.47769978E-13
   2.51327399E-02  -2.94559858E-15  -8.07476698E-13
   3.14159282E-02  -2.82787818E-13  -9.22369277E-13
   3.76991108E-02  -6.12955975E-13  -9.87571678E-13
   4.39823009E-02  -9.82303323E-13  -1.00913440E-12
   5.02654798E-02  -1.36665310E-12  -1.02414193E-12
   5.65486699E-02  -1.67706148E-12  -1.17273097E-12
   6.28318489E-02   1.11108301E-12  -1.61594707E-12
   6.91150427E-02  -2.50020005E-11  -1.18082592E-11
   7.53982216E-02  -2.25101708E-11   5.67025454E-11
   8.16814080E-02   1.13834726E-10   1.37756534E-11
   8.79645869E-02  -4.14358131E-11  -2.25696628E-10
   9.42477807E-02  -4.08688416E-10   1.78427356E-10
  0.100530960       4.69618011E-10   6.41562414E-10
  0.106814153       8.62776406E-10  -1.02456243E-09
  0.113097340      -1.92207694E-09  -9.53313650E-10
  0.119380519      -7.23762272E-10   3.12430481E-09
  0.125663713       4.42606884E-09  -1.06115620E-11
  0.131946892      -1.31184485E-09  -5.48969981E-09
  0.138230085      -6.00253536E-09   3.06600434E-09
  0.144513264       5.00681763E-09   5.80713921E-09
  0.150796443       4.88072693E-09  -6.82310475E-09
  0.157079637      -8.28117308E-09  -3.29278649E-09
  0.163362816      -1.20158905E-09   9.23492749E-09
  0.169645995       9.57170077E-09  -1.18690457E-09
  0.175929189      -3.67134900E-09  -9.20883192E-09
  0.182212368      -8.11910539E-09   6.05779071E-09
  0.188495561       8.14659717E-09   6.33505026E-09
  0.194778740       3.94823418E-09  -9.73544356E-09
  0.201061934      -1.06277911E-08  -1.10732057E-09
  0.207345113       1.99245620E-09   1.06582112E-08
  0.213628307       9.73277103E-09  -5.10548759E-09
  0.219911486      -7.92362531E-09  -7.84523824E-09
  0.226194665      -5.07203657E-09   1.01037747E-08
  0.232477859       1.13293099E-08   1.59309899E-09
  0.238761038      -2.27386843E-09  -1.13515926E-08
  0.245044231      -1.00156203E-08   6.08417094E-09
  0.251327395       9.32136768E-09   7.31302041E-09
  0.257610589       3.44677731E-09  -1.14578018E-08
  0.263893783      -1.20260237E-08   1.14213383E-09
  0.270176977       5.79698023E-09   1.07230074E-08
  0.276460141       7.52723661E-09  -9.71095560E-09
  0.282743335      -1.20507426E-08  -2.78899903E-09
  0.289026529       2.73447798E-09   1.21392727E-08
  0.295309722       9.66478453E-09  -7.93896682E-09
  0.301592886      -1.15651604E-08  -4.87360019E-09
  0.307876080       1.31967703E-09   1.25070967E-08
  0.314159274       1.01823936E-08  -7.40477546E-09
  0.320442438      -1.15962004E-08  -4.87588236E-09
  0.326725632       2.09393747E-09   1.23704602E-08
  0.333008826       9.09522768E-09  -8.56461480E-09
  0.339292020      -1.21532029E-08  -2.52993226E-09
  0.345575184       5.10991649E-09   1.11965690E-08
  0.351858377       5.68130920E-09  -1.07659597E-08
  0.358141571      -1.17827756E-08   2.33365927E-09
  0.364424735       9.26319377E-09   7.34097538E-09
  0.370707929      -6.90559776E-10  -1.15741772E-08
  0.376991123      -7.78982301E-09   8.24414403E-09
  0.383274287       1.10538210E-08  -2.34525094E-10
  0.389557481      -7.88002463E-09  -7.29655847E-09
  0.395840675       8.23141222E-10   1.03602193E-08
  0.402123868       5.99710592E-09  -8.02205147E-09
  0.408407032      -9.35660260E-09   2.19338769E-09
  0.414690226       8.27864977E-09   3.96040312E-09
  0.420973420      -3.94234378E-09  -7.77792408E-09
  0.427256614      -1.36128875E-09   8.12337042E-09
  0.433539778       5.44919887E-09  -5.48876367E-09
  0.439822972      -7.08007830E-09   1.37015688E-09
  0.446106166       6.17241724E-09   2.53200616E-09
  0.452389330      -3.53877283E-09  -4.99092412E-09
  0.458672523       3.70901893E-10   5.53956658E-09
  0.464955717       2.25210450E-09  -4.43751569E-09
  0.471238911      -3.68189323E-09   2.39734410E-09
  0.477522075       3.79831144E-09  -2.42434434E-10
  0.483805269      -2.90899016E-09  -1.36732925E-09
  0.490088463       1.55896196E-09   2.11098317E-09
  0.496371627      -2.98491759E-10  -2.01007011E-09
  0.502654791      -4.77697382E-10   1.36423850E-09
  0.508938015       6.33300024E-10  -5.84179427E-10
  0.515221179      -2.79632040E-10   5.58930367E-11
  0.521504402      -2.90087399E-10  -6.70464205E-12
  0.527787566       7.20529469E-10   4.53057203E-10
  0.534070730      -7.18767768E-10  -1.20817090E-09
  0.540353954       1.45418885E-10   1.94271754E-09
  0.546637118       9.25417631E-10  -2.30363328E-09
  0.552920282      -2.23275576E-09   2.00948236E-09
  0.559203506       3.37777672E-09  -9.67357527E-10
  0.565486670      -3.95021305E-09  -7.02141900E-10
  0.571769834       3.63071506E-09   2.65190914E-09
  0.578053057      -2.31065522E-09  -4.39844072E-09
  0.584336221       1.40951736E-10   5.42519629E-09
  0.590619445       2.46837595E-09  -5.32736788E-09
  0.596902609      -4.91981744E-09   3.93939725E-09
  0.603185773       6.57231602E-09  -1.40284584E-09
  0.609468997      -6.88781210E-09  -1.80897564E-09
  0.615752161       5.61106095E-09   4.99529396E-09
  0.622035325      -2.84838841E-09  -7.35143102E-09
  0.628318548      -8.83166540E-10   8.19766210E-09
  0.634601712       4.76546091E-09  -7.14563742E-09
  0.640884876      -7.83415199E-09   4.26252944E-09
  0.647168100       9.23242727E-09  -9.35019978E-11
  0.653451264      -8.44698800E-09  -4.41975034E-09
  0.659734488       5.48208678E-09   8.14089596E-09
  0.666017652      -9.33150335E-10  -1.00423483E-08
  0.672300816      -4.13746015E-09   9.47107726E-09
  0.678584039       8.40998204E-09  -6.40575415E-09
  0.684867203      -1.06897584E-08   1.48564328E-09
  0.691150367       1.02150128E-08   4.06138767E-09
  0.697433591      -6.95572977E-09  -8.75338113E-09
  0.703716755       1.65501024E-09   1.12268408E-08
  0.709999919       4.29645564E-09  -1.06656799E-08
  0.716283143      -9.22715149E-09   7.08220727E-09
  0.722566307       1.16682690E-08  -1.36835998E-09
  0.728849471      -1.07883480E-08  -4.87881069E-09
  0.735132694       6.73527278E-09   9.84018556E-09
  0.741415858      -5.99428895E-10  -1.19623760E-08
  0.747699022      -5.79890003E-09   1.05297895E-08
  0.753982246       1.05157012E-08  -5.86783555E-09
  0.760265410      -1.20248105E-08  -6.33489983E-10
  0.766548634       9.79830528E-09   6.97349067E-09
  0.772831798      -4.47571091E-09  -1.11238894E-08
  0.779114962      -2.26743291E-09   1.17155041E-08
  0.785398185       8.24004154E-09  -8.53174509E-09
  0.791681349      -1.14854206E-08   2.57998223E-09
  0.797964513       1.08931886E-08   4.13923429E-09
  0.804247737      -6.69648825E-09  -9.39769240E-09
  0.810530901       3.02360220E-10   1.13786447E-08
  0.816814065       6.03976558E-09  -9.46772349E-09
  0.823097289      -1.01715285E-08   4.33387815E-09
  0.829380453       1.06463069E-08   2.14583351E-09
  0.835663676      -7.39296757E-09  -7.68657049E-09
  0.841946840       1.63050040E-09   1.03197051E-08
  0.848230004       4.49936177E-09  -9.17634058E-09
  0.854513228      -8.76194317E-09   4.78801887E-09
  0.860796392       9.67732916E-09   1.16534637E-09
  0.867079556      -6.99240532E-09  -6.39732223E-09
  0.873362780       1.88534788E-09   9.04687436E-09
  0.879645944       3.69219966E-09  -8.16367685E-09
  0.885929108      -7.55155849E-09   4.30762093E-09
  0.892212331       8.37912584E-09   9.95722171E-10
  0.898495495      -5.93496097E-09  -5.57076518E-09
  0.904778659       1.39971246E-09   7.76425324E-09
  0.911061883       3.41538398E-09  -6.79480516E-09
  0.917345047      -6.56541888E-09   3.26635607E-09
  0.923628211       6.94353064E-09   1.30860511E-09
  0.929911435      -4.55789939E-09  -5.05233588E-09
  0.936194599       5.24929045E-10   6.50567022E-09
  0.942477822       3.39808981E-09  -5.28436361E-09
  0.948760986      -5.69420600E-09   1.98830219E-09
  0.955044150       5.46487655E-09   1.80363757E-09
  0.961327374      -3.08493320E-09  -4.62818761E-09
  0.967610538      -4.31407493E-10   5.26010568E-09
  0.973893702       3.41504980E-09  -3.74998788E-09
  0.980176926      -4.80950657E-09   7.33718530E-10
  0.986460090       4.01086853E-09   2.26216312E-09
  0.992743254      -1.66727598E-09  -4.12180645E-09
  0.999026477      -1.23931843E-09   4.03177225E-09
   1.00530970       3.31856453E-09  -2.27474395E-09
   1.01159286      -3.83596177E-09  -3.04929110E-10
   1.01787603       2.65239830E-09   2.55648169E-09
   1.02415919      -4.12446216E-10  -3.42082718E-09
   1.03044236      -1.73363712E-09   2.90715607E-09
   1.03672552       3.12385362E-09  -7.82243936E-10
   1.04300880      -1.51831148E-09  -1.65239211E-10
   1.04929197      -9.60448041E-11  -3.34337419E-11
   1.05557513      -4.50647575E-11  -4.30718551E-11
   1.06185830      -2.69550753E-11  -3.35472483E-11
   1.06814146      -1.67306238E-11  -2.42837053E-11
   1.07442474      -9.86531863E-12  -1.66824176E-11
   1.08070791      -4.91340952E-12  -1.06088870E-11
   1.08699107      -1.26062528E-12  -5.81732839E-12
   1.09327424       1.41141374E-12  -2.10474520E-12
   1.09955740       3.29791749E-12   6.89254318E-13
   1.10584056       4.53795551E-12   2.69783610E-12
   1.11212385       5.24318176E-12   4.03767427E-12
   1.11840701       5.51037341E-12   4.81554119E-12
   1.12469018       5.42738814E-12   5.13125740E-12
   1.13097334       5.07506710E-12   5.07845632E-12
   1.13725650       4.52760095E-12   4.74450861E-12
   1.14353979       3.85224274E-12   4.20970810E-12
   1.14982295       3.10862469E-12   3.54625118E-12
   1.15610611       2.34801545E-12   2.81730477E-12
   1.16238928       1.61288170E-12   2.07649523E-12
   1.16867244       9.36804996E-13   1.36735631E-12
   1.17495561       3.44355864E-13   7.23284768E-13
   1.18123889      -1.48417831E-13   1.68007074E-13
   1.18752205      -5.33288040E-13  -2.83963879E-13
   1.19380522      -8.09067006E-13  -6.26394769E-13
   1.20008838      -9.80525123E-13  -8.60202101E-13
   1.20637155      -1.05718429E-12  -9.92167828E-13
   1.21265471      -1.05208203E-12  -1.03369158E-12
   1.21893799      -9.80643843E-13  -9.99351318E-13
   1.22522116      -8.59384449E-13  -9.05560295E-13
   1.23150432      -7.04905698E-13  -7.69460017E-13
   1.23778749      -5.33001269E-13  -6.07730988E-13
   1.24407065      -3.57830952E-13  -4.35752319E-13
   1.25035393      -1.91413088E-13  -2.66902630E-13
   1.25663710      -4.32207608E-14  -1.12065834E-13
   1.26292026       7.99762613E-14   2.06242985E-14
   1.26920342       1.74122476E-13   1.25893545E-13
   1.27548659       2.37746048E-13   2.01167614E-13
   1.28176975       2.71609937E-13   2.46354396E-13
   1.28805304       2.78397802E-13   2.63478367E-13
   1.29433620       2.62221207E-13   2.56182526E-13
   1.30061936       2.28144679E-13   2.29291006E-13
   1.30690253       1.81732464E-13   1.88256908E-13
   1.31318569       1.28553079E-13   1.38717989E-13
   1.31946886       7.38527552E-14   8.60718899E-14
   1.32575214       2.21817092E-14   3.50793003E-14
   1.33203530      -2.28258117E-14  -1.03219071E-14
   1.33831847      -5.85458670E-14  -4.72408604E-14
   1.34460163      -8.34805383E-14  -7.39109769E-14
   1.35088480      -9.71920976E-14  -8.96137480E-14
   1.35716808      -1.00164011E-13  -9.46449950E-14
   1.36345124      -9.37072143E-14  -9.01462539E-14
   1.36973441      -7.97092833E-14  -7.78620332E-14
   1.37601757      -6.04023667E-14  -5.99770274E-14
   1.38230073      -3.82010165E-14  -3.88572773E-14
   1.38858390      -1.54215816E-14  -1.68107343E-14
   1.39486718       5.85739207E-15   4.03150752E-15
   1.40115035       2.39214234E-14   2.19407724E-14
   1.40743351       3.75712136E-14   3.56485302E-14
   1.41371667       4.61051993E-14   4.43901270E-14
   1.41999984       4.93508297E-14   4.79531779E-14
   1.42628300       4.76267653E-14   4.65938255E-14
   1.43256629       4.16392351E-14   4.09800029E-14
   1.43884945       3.23965843E-14   3.20910087E-14
   1.44513261       2.10903631E-14   2.10959925E-14
   1.45141578       8.96699656E-15   9.22533991E-15
   1.45769894      -2.78196325E-15  -2.32739476E-15
   1.46398222      -1.31122335E-14  -1.25262146E-14
   1.47026539      -2.12213788E-14  -2.05547673E-14
   1.47654855      -2.65695008E-14  -2.58684557E-14
   1.48283172      -2.89266122E-14  -2.82353859E-14
   1.48911488      -2.83557713E-14  -2.76979486E-14
   1.49539804      -2.51689166E-14  -2.45703133E-14
   1.50168133      -1.99004072E-14  -1.93764682E-14
   1.50796449      -1.32181067E-14  -1.27785644E-14
   1.51424766      -5.86637655E-15  -5.51732571E-15
   1.52053082       1.41609753E-15   1.67541063E-15
   1.52681398       7.95947120E-15   8.12494755E-15
   1.53309727       1.32083404E-14   1.32901697E-14
   1.53938043       1.67860432E-14   1.67906426E-14
   1.54566360       1.84874970E-14   1.84216757E-14
   1.55194676       1.82988119E-14   1.81816689E-14
   1.55822992       1.63891050E-14   1.62343368E-14
   1.56451309       1.30647675E-14   1.28891318E-14
   1.57079637       8.74360856E-15   8.56874962E-15
   1.57707953       3.90670992E-15   3.75096979E-15
   1.58336270      -9.54606767E-16  -1.07406456E-15
   1.58964586      -5.38246239E-15  -5.44961347E-15
   1.59592903      -8.99016376E-15  -8.99260321E-15
   1.60221219      -1.14945293E-14  -1.14270648E-14
   1.60849547      -1.27375976E-14  -1.25982336E-14
   1.61477864      -1.26869154E-14  -1.24789400E-14
   1.62106180      -1.14337369E-14  -1.11683488E-14
   1.62734497      -9.17741902E-15  -8.86853491E-15
   1.63362813      -6.19651611E-15  -5.86175345E-15
   1.63991141      -2.81925557E-15  -2.47841607E-15
   1.64619458       6.09805171E-16   9.34785031E-16
   1.65247774       3.76105880E-15   4.05265116E-15
   1.65876091       6.35607721E-15   6.59798559E-15
   1.66504407       8.18210703E-15   8.36089282E-15
   1.67132723       9.11249480E-15   9.22365008E-15
   1.67761052       9.11495881E-15   9.15650832E-15
   1.68389368       8.24322893E-15   8.22096806E-15
   1.69017684       6.63325181E-15   6.55693287E-15
   1.69646001       4.47960659E-15   4.36454860E-15
   1.70274317       2.02003255E-15   1.88477981E-15
   1.70902646      -4.94003061E-16  -6.32556211E-16
   1.71530962      -2.82259330E-15  -2.94292005E-15
   1.72159278      -4.75091336E-15  -4.83729293E-15
   1.72787595      -6.12020141E-15  -6.15975658E-15
   1.73415911      -6.83019417E-15  -6.81227984E-15
   1.74044228      -6.84813814E-15  -6.77072525E-15
   1.74672556      -6.21117317E-15  -6.07475301E-15
   1.75300872      -5.01334195E-15  -4.82599732E-15
   1.75929189      -3.40036422E-15  -3.17292126E-15
   1.76557505      -1.54635860E-15  -1.29337219E-15
   1.77185822       3.58967163E-16   6.19017448E-16
   1.77814150       2.12965661E-15   2.38118177E-15
   1.78442466       3.60571211E-15   3.83152770E-15
   1.79070783       4.65942109E-15   4.84531264E-15
   1.79699099       5.21155910E-15   5.34876149E-15
   1.80327415       5.23538529E-15   5.31691983E-15
   1.80955732       4.75288059E-15   4.77911193E-15
   1.81584060       3.83669164E-15   3.81181682E-15
   1.82212377       2.59460867E-15   2.52669738E-15
   1.82840693       1.16101906E-15   1.06368079E-15
   1.83469009      -3.16520119E-16  -4.29771362E-16
   1.84097326      -1.69603779E-15  -1.80853075E-15
   1.84725642      -2.84851060E-15  -2.94504970E-15
   1.85353971      -3.67509935E-15  -3.74211236E-15
   1.85982287      -4.11106975E-15  -4.13720241E-15
   1.86610603      -4.13242387E-15  -4.11189942E-15
   1.87238920      -3.75687954E-15  -3.68576688E-15
   1.87867236      -3.03661989E-15  -2.91837346E-15
   1.88495564      -2.05810371E-15  -1.89866480E-15
   1.89123881      -9.25218853E-16  -7.34340825E-16
   1.89752197       2.46176785E-16   4.54462928E-16
   1.90380514       1.34144227E-15   1.55378559E-15
   1.91008830       2.25973080E-15   2.46058561E-15
   1.91637146       2.91957074E-15   3.09602062E-15
   1.92265475       3.26979599E-15   3.40999689E-15
   1.92893791       3.28874666E-15   3.38500730E-15
   1.93522108       2.98956467E-15   3.03848146E-15
   1.94150424       2.41437615E-15   2.41524732E-15
   1.94778740       1.62899661E-15   1.58762773E-15
   1.95407069       7.18901585E-16   6.43353922E-16
   1.96035385      -2.24115468E-16  -3.22451996E-16
   1.96663702      -1.10782338E-15  -1.21517507E-15
   1.97292018      -1.84971180E-15  -1.95196667E-15
   1.97920334      -2.38398545E-15  -2.46740613E-15
   1.98548651      -2.66767585E-15  -2.72096396E-15
   1.99176979      -2.68393528E-15  -2.69742618E-15
   1.99805295      -2.44080612E-15  -2.40985447E-15
   2.00433612      -1.97280644E-15  -1.89656077E-15
   2.01061940      -1.33353045E-15  -1.21454720E-15
   2.01690245      -5.90603728E-16  -4.36809385E-16
   2.02318573       1.79694056E-16   3.58066105E-16
   2.02946877       9.02650507E-16   1.09299120E-15
   2.03575206       1.51060692E-15   1.69856406E-15
   2.04203510       1.94899147E-15   2.12101836E-15
   2.04831839       2.18243036E-15   2.32624830E-15
   2.05460167       2.19612964E-15   2.30160705E-15
   2.06088471       1.99666778E-15   2.05788264E-15
   2.06716800       1.61166653E-15   1.62634582E-15
   2.07345104       1.08480346E-15   1.05483480E-15
   2.07973433       4.71888778E-16   4.04002158E-16
   2.08601761      -1.64339069E-16  -2.60724920E-16
   2.09230065      -7.62381374E-16  -8.74731031E-16
   2.09858394      -1.26572398E-15  -1.37964885E-15
   2.10486698      -1.62904045E-15  -1.73090368E-15
   2.11115026      -1.82296610E-15  -1.89935259E-15
   2.11743355      -1.83431676E-15  -1.87451144E-15
   2.12371659      -1.66868423E-15  -1.66560548E-15
   2.12999988      -1.34838868E-15  -1.29860538E-15
   2.13628292      -9.09523226E-16  -8.14338058E-16
   2.14256620      -3.98630513E-16  -2.63633923E-16
   2.14884949       1.32574606E-16   2.97978488E-16
   2.15513253       6.32211733E-16   8.15626183E-16
   2.16141582       1.05331046E-15   1.24043687E-15
   2.16769886       1.35790816E-15   1.53396873E-15
   2.17398214       1.52071944E-15   1.67190751E-15
   2.18026519       1.53090162E-15   1.64551375E-15
   2.18654847       1.39264446E-15   1.46246835E-15
   2.19283175       1.12434995E-15   1.14516239E-15
   2.19911480       7.56124077E-16   7.28586507E-16
   2.20539808       3.27009987E-16   2.56174818E-16
   2.21168113      -1.19762822E-16  -2.24671942E-16
   2.21796441      -5.40555145E-16  -6.66778460E-16
   2.22424769      -8.95585829E-16  -1.02843585E-15
   2.23053074      -1.15290300E-15  -1.27682583E-15
   2.23681402      -1.29089356E-15  -1.39110836E-15
   2.24309707      -1.30023041E-15  -1.36403327E-15
   2.24938035      -1.18410886E-15  -1.20228344E-15
   2.25566363      -9.57893361E-16  -9.25596630E-16
   2.26194668      -6.46964930E-16  -5.63959883E-16
   2.26822996      -2.83848046E-16  -1.55155009E-16
   2.27451301       9.46173522E-17   2.59662635E-16
   2.28079629       4.51575128E-16   6.40025295E-16
   2.28707933       7.53399014E-16   9.49686882E-16
   2.29336262       9.72709767E-16   1.16038537E-15
   2.29964590       1.09103498E-15   1.25428162E-15
   2.30592895       1.10022539E-15   1.22535195E-15
   2.31221223       1.00288521E-15   1.07961200E-15
   2.31849527       8.11638670E-16   8.34363028E-16
   2.32477856       5.47948208E-16   5.16223436E-16
   2.33106184       2.39495628E-16   1.57974662E-16
   2.33734488      -8.27599960E-17  -2.04335237E-16
   2.34362817      -3.87243188E-16  -5.35216085E-16
   2.34991121      -6.45271340E-16  -8.03308630E-16
   2.35619450      -8.33476291E-16  -9.83941529E-16
   2.36247778      -9.35864469E-16  -1.06179307E-15
   2.36876082      -9.45330909E-16  -1.03177909E-15
   2.37504411      -8.63688738E-16  -8.99571330E-16
   2.38132715      -7.01746892E-16  -6.80708075E-16
   2.38761044      -4.77469243E-16  -3.98544989E-16
   2.39389372      -2.14244623E-16  -8.24239291E-17
   2.40017676       6.12563309E-17   2.35993835E-16
   2.40646005       3.22368775E-16   5.25532328E-16
   2.41274309       5.44362929E-16   7.58421390E-16
   2.41902637       7.07106069E-16   9.13284370E-16
   2.42530942       7.96807811E-16   9.76727773E-16
   2.43159270       8.07049922E-16   9.44669694E-16
   2.43787599       7.39280298E-16   8.22417376E-16
   2.44415903       6.02349852E-16   6.23998637E-16
   2.45044231       4.11506817E-16   3.70560450E-16
   2.45672536       1.86675924E-16   8.81482174E-17
   2.46300864      -4.95327861E-17  -1.94918785E-16
   2.46929193      -2.74148328E-16  -4.50933977E-16
   2.47557497      -4.65968336E-16  -6.55353415E-16
   2.48185825      -6.07577474E-16  -7.89349633E-16
   2.48814130      -6.86968390E-16  -8.41272753E-16
   2.49442458      -6.98327155E-16  -8.07819504E-16
   2.50070786      -6.42674708E-16  -6.94153665E-16
   2.50699091      -5.27310303E-16  -5.13067814E-16
   2.51327419      -3.65047007E-16  -2.83863240E-16
   2.51955724      -1.72879782E-16  -2.99953690E-17
   2.52584052       3.00104799E-17   2.23054533E-16
   2.53212357       2.23821204E-16   4.50386265E-16
   2.53840685       3.90347590E-16   6.30248046E-16
   2.54469013       5.14511000E-16   7.45795516E-16
   2.55097318       5.85643238E-16   7.87010181E-16
   2.55725646       5.98664517E-16   7.51271849E-16
   2.56353951       5.53962512E-16   6.43510147E-16
   2.56982279       4.57570745E-16   4.75833993E-16
   2.57610607       3.20282110E-16   2.65754205E-16
   2.58238912       1.56308681E-16   3.47987803E-17
   2.58867240      -1.78208205E-17  -1.93921443E-16
   2.59495544      -1.85307608E-16  -3.97980918E-16
   2.60123873      -3.30335464E-16  -5.57673575E-16
   2.60752201      -4.39802905E-16  -6.58214745E-16
   2.61380506      -5.04428925E-16  -6.90660236E-16
   2.62008834      -5.19282389E-16  -6.53109519E-16
   2.62637138      -4.84597078E-16  -5.50569563E-16
   2.63265467      -4.05078419E-16  -3.94183167E-16
   2.63893771      -2.89609511E-16  -2.00465474E-16
   2.64522099      -1.50307624E-16   1.08980872E-17
   2.65150428      -9.93639440E-19   2.18706819E-16
   2.65778732       1.43798454E-16   4.02466620E-16
   2.66407061       2.70564796E-16   5.44471720E-16
   2.67035365       3.67838960E-16   6.31293603E-16
   2.67663693       4.27307105E-16   6.55309104E-16
   2.68292022       4.44558254E-16   6.15089280E-16
   2.68920326       4.19191206E-16   5.15628818E-16
   2.69548655       3.54961068E-16   3.67690756E-16
   2.70176959       2.59074053E-16   1.86601424E-16
   2.70805287       1.41546419E-16  -9.17791548E-18
   2.71433616       1.41257650E-17  -2.00132313E-16
   2.72061920      -1.10962712E-16  -3.67410758E-16
   2.72690248      -2.21967896E-16  -4.94811290E-16
   2.73318553      -3.08959556E-16  -5.70374993E-16
   2.73946881      -3.64532037E-16  -5.87296806E-16
   2.74575210      -3.84399751E-16  -5.44806298E-16
   2.75203514      -3.67897696E-16  -4.47947763E-16
   2.75831842      -3.17639129E-16  -3.07048173E-16
   2.76460147      -2.39397610E-16  -1.36753536E-16
   2.77088475      -1.41362467E-16   4.57011068E-17
   2.77716780      -3.32469829E-17   2.22009612E-16
   2.78345108       7.45328245E-17   3.74743893E-16
   2.78973436       1.71997703E-16   4.89055383E-16
   2.79601741       2.50432411E-16   5.54040916E-16
   2.80230069       3.03157883E-16   5.63855486E-16
   2.80858374       3.26128993E-16   5.18184846E-16
   2.81486702       3.18169133E-16   4.22207834E-16
   2.82115030       2.80998098E-16   2.86037256E-16
   2.82743335       2.18975262E-16   1.23669894E-16
   2.83371663       1.38619920E-16  -4.84845266E-17
   2.83999968       4.78736967E-17  -2.13214247E-16
   2.84628296      -4.45874438E-17  -3.54206415E-16
   2.85256624      -1.30246178E-16  -4.57737663E-16
   2.85884929      -2.01515650E-16  -5.13893989E-16
   2.86513257      -2.52338977E-16  -5.17588694E-16
   2.87141562      -2.78765690E-16  -4.69008549E-16
   2.87769890      -2.79175310E-16  -3.73512387E-16
   2.88398194      -2.54380273E-16  -2.41093608E-16
   2.89026523      -2.07437323E-16  -8.52869997E-17
   2.89654851      -1.43280851E-16   7.81297566E-17
   2.90283155      -6.82729136E-17   2.32788344E-16
   2.90911484       1.05196066E-17   3.63351141E-16
   2.91539788       8.59149026E-17   4.56966811E-16
   2.92168117       1.51265526E-16   5.04607914E-16
   2.92796445       2.01084060E-16   5.01882321E-16
   2.93424749       2.31421683E-16   4.49443464E-16
   2.94053078       2.40219073E-16   3.52901719E-16
   2.94681382       2.27368657E-16   2.22197812E-16
   2.95309711       1.94678638E-16   7.06419588E-17
   2.95938039       1.45670053E-16  -8.65151181E-17
   2.96566343       8.51066081E-17  -2.33555889E-16
   2.97194672       1.86603691E-17  -3.55834703E-16
   2.97822976      -4.76924118E-17  -4.41345273E-16
   2.98451304      -1.08217836E-16  -4.81754753E-16
   2.99079633      -1.57813819E-16  -4.73307770E-16
   2.99707937      -1.92538503E-16  -4.17151153E-16
   3.00336266      -2.09812734E-16  -3.19163762E-16
   3.00964570      -2.08653993E-16  -1.89398208E-16
   3.01592898      -1.89660021E-16  -4.09872990E-17
   3.02221203      -1.54917072E-16   1.11084612E-16
   3.02849531      -1.07810016E-16   2.51587102E-16
   3.03477859      -5.26020364E-17   3.66490377E-16
   3.04106164       5.82089024E-18   4.44354755E-16
   3.04734492       6.24746223E-17   4.77553893E-16
   3.05362797       1.12671873E-16   4.62875289E-16
   3.05991125       1.52312432E-16   4.01949718E-16
   3.06619453       1.78340537E-16   3.01033286E-16
   3.07247758       1.88839656E-16   1.70310757E-16
   3.07876086       1.83207324E-16   2.29798020E-17
   3.08504391       1.62197505E-16  -1.26173578E-16
   3.09132719       1.27763657E-16  -2.62207996E-16
   3.09761047       8.29380781E-17  -3.71512145E-16
   3.10389352       3.15343749E-17  -4.43194320E-16
   3.11017680      -2.21516156E-17  -4.70124356E-16
   3.11645985      -7.36856394E-17  -4.49683598E-16
   3.12274313      -1.18870023E-16  -3.83981608E-16
   3.12902617      -1.54024908E-16  -2.79655630E-16
   3.13530946      -1.76315599E-16  -1.47228673E-16
  -3.14159274      -1.83957014E-16  -1.03397577E-24
  -3.13530946      -1.76315599E-16   1.47228673E-16
  -3.12902617      -1.54024908E-16   2.79655630E-16
  -3.12274313      -1.18870023E-16   3.83981608E-16
  -3.11645985      -7.36856328E-17   4.49683598E-16
  -3.11017680      -2.21516222E-17   4.70124356E-16
  -3.10389352       3.15343782E-17   4.43194320E-16
  -3.09761047       8.29380781E-17   3.71512118E-16
  -3.09132719       1.27763657E-16   2.62207996E-16
  -3.08504391       1.62197519E-16   1.26173578E-16
  -3.07876086       1.83207324E-16  -2.29798020E-17
  -3.07247758       1.88839656E-16  -1.70310757E-16
  -3.06619453       1.78340537E-16  -3.01033286E-16
  -3.05991125       1.52312432E-16  -4.01949691E-16
  -3.05362797       1.12671873E-16  -4.62875289E-16
  -3.04734492       6.24746223E-17  -4.77553893E-16
  -3.04106164       5.82089479E-18  -4.44354755E-16
  -3.03477859      -5.26020430E-17  -3.66490377E-16
  -3.02849531      -1.07810016E-16  -2.51587102E-16
  -3.02221203      -1.54917072E-16  -1.11084612E-16
  -3.01592898      -1.89660021E-16   4.09873023E-17
  -3.00964570      -2.08653993E-16   1.89398208E-16
  -3.00336266      -2.09812734E-16   3.19163788E-16
  -2.99707937      -1.92538503E-16   4.17151153E-16
  -2.99079633      -1.57813819E-16   4.73307770E-16
  -2.98451304      -1.08217836E-16   4.81754753E-16
  -2.97822976      -4.76924085E-17   4.41345273E-16
  -2.97194672       1.86603658E-17   3.55834703E-16
  -2.96566343       8.51066148E-17   2.33555889E-16
  -2.95938039       1.45670053E-16   8.65151181E-17
  -2.95309711       1.94678638E-16  -7.06419588E-17
  -2.94681382       2.27368657E-16  -2.22197812E-16
  -2.94053078       2.40219047E-16  -3.52901719E-16
  -2.93424749       2.31421683E-16  -4.49443464E-16
  -2.92796445       2.01084060E-16  -5.01882321E-16
  -2.92168117       1.51265526E-16  -5.04607914E-16
  -2.91539788       8.59149026E-17  -4.56966811E-16
  -2.90911484       1.05196066E-17  -3.63351141E-16
  -2.90283155      -6.82729070E-17  -2.32788344E-16
  -2.89654851      -1.43280851E-16  -7.81297566E-17
  -2.89026523      -2.07437323E-16   8.52869997E-17
  -2.88398194      -2.54380273E-16   2.41093608E-16
  -2.87769890      -2.79175310E-16   3.73512387E-16
  -2.87141562      -2.78765690E-16   4.69008549E-16
  -2.86513257      -2.52338977E-16   5.17588694E-16
  -2.85884929      -2.01515650E-16   5.13893989E-16
  -2.85256624      -1.30246178E-16   4.57737663E-16
  -2.84628296      -4.45874504E-17   3.54206441E-16
  -2.83999968       4.78737033E-17   2.13214247E-16
  -2.83371663       1.38619906E-16   4.84845199E-17
  -2.82743335       2.18975249E-16  -1.23669881E-16
  -2.82115030       2.80998098E-16  -2.86037256E-16
  -2.81486702       3.18169133E-16  -4.22207834E-16
  -2.80858374       3.26128993E-16  -5.18184846E-16
  -2.80230069       3.03157883E-16  -5.63855486E-16
  -2.79601741       2.50432411E-16  -5.54040916E-16
  -2.78973436       1.71997703E-16  -4.89055383E-16
  -2.78345108       7.45328312E-17  -3.74743893E-16
  -2.77716780      -3.32469829E-17  -2.22009612E-16
  -2.77088475      -1.41362467E-16  -4.57011101E-17
  -2.76460147      -2.39397610E-16   1.36753536E-16
  -2.75831842      -3.17639129E-16   3.07048173E-16
  -2.75203514      -3.67897696E-16   4.47947763E-16
  -2.74575210      -3.84399751E-16   5.44806298E-16
  -2.73946881      -3.64532037E-16   5.87296806E-16
  -2.73318553      -3.08959556E-16   5.70374993E-16
  -2.72690248      -2.21967896E-16   4.94811290E-16
  -2.72061920      -1.10962712E-16   3.67410758E-16
  -2.71433616       1.41257617E-17   2.00132299E-16
  -2.70805287       1.41546419E-16   9.17791797E-18
  -2.70176959       2.59074080E-16  -1.86601424E-16
  -2.69548655       3.54961068E-16  -3.67690756E-16
  -2.68920326       4.19191206E-16  -5.15628818E-16
  -2.68292022       4.44558254E-16  -6.15089280E-16
  -2.67663693       4.27307131E-16  -6.55309104E-16
  -2.67035365       3.67838960E-16  -6.31293603E-16
  -2.66407061       2.70564796E-16  -5.44471720E-16
  -2.65778732       1.43798454E-16  -4.02466620E-16
  -2.65150428      -9.93641715E-19  -2.18706819E-16
  -2.64522099      -1.50307624E-16  -1.08980822E-17
  -2.63893771      -2.89609511E-16   2.00465474E-16
  -2.63265467      -4.05078419E-16   3.94183140E-16
  -2.62637138      -4.84597078E-16   5.50569563E-16
  -2.62008834      -5.19282442E-16   6.53109519E-16
  -2.61380506      -5.04428925E-16   6.90660289E-16
  -2.60752201      -4.39802879E-16   6.58214745E-16
  -2.60123873      -3.30335464E-16   5.57673575E-16
  -2.59495544      -1.85307608E-16   3.97980918E-16
  -2.58867240      -1.78208205E-17   1.93921457E-16
  -2.58238912       1.56308681E-16  -3.47987803E-17
  -2.57610607       3.20282110E-16  -2.65754205E-16
  -2.56982279       4.57570745E-16  -4.75833993E-16
  -2.56353951       5.53962512E-16  -6.43510200E-16
  -2.55725646       5.98664517E-16  -7.51271849E-16
  -2.55097318       5.85643238E-16  -7.87010181E-16
  -2.54469013       5.14511000E-16  -7.45795516E-16
  -2.53840685       3.90347590E-16  -6.30248046E-16
  -2.53212357       2.23821204E-16  -4.50386265E-16
  -2.52584052       3.00104832E-17  -2.23054533E-16
  -2.51955724      -1.72879782E-16   2.99953690E-17
  -2.51327419      -3.65047007E-16   2.83863240E-16
  -2.50699091      -5.27310303E-16   5.13067761E-16
  -2.50070786      -6.42674708E-16   6.94153665E-16
  -2.49442458      -6.98327155E-16   8.07819504E-16
  -2.48814130      -6.86968390E-16   8.41272753E-16
  -2.48185825      -6.07577474E-16   7.89349633E-16
  -2.47557497      -4.65968336E-16   6.55353415E-16
  -2.46929193      -2.74148328E-16   4.50933977E-16
  -2.46300864      -4.95327861E-17   1.94918785E-16
  -2.45672536       1.86675924E-16  -8.81482174E-17
  -2.45044231       4.11506817E-16  -3.70560450E-16
  -2.44415903       6.02349852E-16  -6.23998637E-16
  -2.43787599       7.39280298E-16  -8.22417376E-16
  -2.43159270       8.07049922E-16  -9.44669694E-16
  -2.42530942       7.96807864E-16  -9.76727773E-16
  -2.41902637       7.07106069E-16  -9.13284370E-16
  -2.41274309       5.44362929E-16  -7.58421390E-16
  -2.40646005       3.22368802E-16  -5.25532328E-16
  -2.40017676       6.12563309E-17  -2.35993835E-16
  -2.39389372      -2.14244609E-16   8.24239291E-17
  -2.38761044      -4.77469243E-16   3.98544989E-16
  -2.38132715      -7.01746892E-16   6.80708075E-16
  -2.37504411      -8.63688738E-16   8.99571330E-16
  -2.36876082      -9.45330909E-16   1.03177909E-15
  -2.36247778      -9.35864469E-16   1.06179307E-15
  -2.35619450      -8.33476291E-16   9.83941529E-16
  -2.34991121      -6.45271340E-16   8.03308630E-16
  -2.34362817      -3.87243188E-16   5.35216085E-16
  -2.33734488      -8.27599894E-17   2.04335224E-16
  -2.33106184       2.39495628E-16  -1.57974662E-16
  -2.32477856       5.47948208E-16  -5.16223436E-16
  -2.31849527       8.11638670E-16  -8.34363028E-16
  -2.31221223       1.00288521E-15  -1.07961200E-15
  -2.30592895       1.10022539E-15  -1.22535195E-15
  -2.29964590       1.09103508E-15  -1.25428162E-15
  -2.29336262       9.72709767E-16  -1.16038537E-15
  -2.28707933       7.53399014E-16  -9.49686882E-16
  -2.28079629       4.51575128E-16  -6.40025295E-16
  -2.27451301       9.46173588E-17  -2.59662635E-16
  -2.26822996      -2.83848046E-16   1.55154995E-16
  -2.26194668      -6.46964930E-16   5.63959883E-16
  -2.25566363      -9.57893361E-16   9.25596630E-16
  -2.24938035      -1.18410886E-15   1.20228344E-15
  -2.24309707      -1.30023041E-15   1.36403327E-15
  -2.23681402      -1.29089356E-15   1.39110836E-15
  -2.23053074      -1.15290300E-15   1.27682583E-15
  -2.22424769      -8.95585829E-16   1.02843585E-15
  -2.21796441      -5.40555145E-16   6.66778460E-16
  -2.21168113      -1.19762822E-16   2.24671942E-16
  -2.20539808       3.27009987E-16  -2.56174818E-16
  -2.19911480       7.56124077E-16  -7.28586507E-16
  -2.19283175       1.12434995E-15  -1.14516239E-15
  -2.18654847       1.39264446E-15  -1.46246835E-15
  -2.18026519       1.53090162E-15  -1.64551375E-15
  -2.17398214       1.52071944E-15  -1.67190751E-15
  -2.16769886       1.35790816E-15  -1.53396873E-15
  -2.16141582       1.05331046E-15  -1.24043687E-15
  -2.15513253       6.32211733E-16  -8.15626183E-16
  -2.14884949       1.32574606E-16  -2.97978488E-16
  -2.14256620      -3.98630487E-16   2.63633923E-16
  -2.13628292      -9.09523226E-16   8.14338058E-16
  -2.12999988      -1.34838868E-15   1.29860538E-15
  -2.12371659      -1.66868423E-15   1.66560538E-15
  -2.11743355      -1.83431676E-15   1.87451144E-15
  -2.11115026      -1.82296610E-15   1.89935259E-15
  -2.10486698      -1.62904045E-15   1.73090368E-15
  -2.09858394      -1.26572398E-15   1.37964885E-15
  -2.09230065      -7.62381374E-16   8.74730978E-16
  -2.08601761      -1.64339069E-16   2.60724920E-16
  -2.07973433       4.71888831E-16  -4.04002158E-16
  -2.07345104       1.08480346E-15  -1.05483480E-15
  -2.06716800       1.61166653E-15  -1.62634572E-15
  -2.06088471       1.99666778E-15  -2.05788264E-15
  -2.05460167       2.19612964E-15  -2.30160705E-15
  -2.04831839       2.18243036E-15  -2.32624830E-15
  -2.04203510       1.94899147E-15  -2.12101836E-15
  -2.03575206       1.51060692E-15  -1.69856406E-15
  -2.02946877       9.02650507E-16  -1.09299130E-15
  -2.02318573       1.79694056E-16  -3.58066079E-16
  -2.01690245      -5.90603728E-16   4.36809385E-16
  -2.01061940      -1.33353045E-15   1.21454720E-15
  -2.00433612      -1.97280644E-15   1.89656077E-15
  -1.99805295      -2.44080612E-15   2.40985447E-15
  -1.99176979      -2.68393528E-15   2.69742618E-15
  -1.98548651      -2.66767585E-15   2.72096396E-15
  -1.97920334      -2.38398545E-15   2.46740613E-15
  -1.97292018      -1.84971180E-15   1.95196667E-15
  -1.96663702      -1.10782338E-15   1.21517507E-15
  -1.96035385      -2.24115468E-16   3.22451996E-16
  -1.95407069       7.18901585E-16  -6.43353922E-16
  -1.94778740       1.62899661E-15  -1.58762773E-15
  -1.94150424       2.41437615E-15  -2.41524732E-15
  -1.93522108       2.98956467E-15  -3.03848146E-15
  -1.92893791       3.28874666E-15  -3.38500730E-15
  -1.92265475       3.26979599E-15  -3.40999689E-15
  -1.91637146       2.91957074E-15  -3.09602062E-15
  -1.91008830       2.25973080E-15  -2.46058561E-15
  -1.90380514       1.34144227E-15  -1.55378559E-15
  -1.89752197       2.46176785E-16  -4.54462928E-16
  -1.89123881      -9.25218853E-16   7.34340825E-16
  -1.88495564      -2.05810371E-15   1.89866480E-15
  -1.87867236      -3.03661989E-15   2.91837346E-15
  -1.87238920      -3.75687954E-15   3.68576688E-15
  -1.86610603      -4.13242387E-15   4.11189942E-15
  -1.85982287      -4.11106975E-15   4.13720241E-15
  -1.85353971      -3.67509935E-15   3.74211236E-15
  -1.84725642      -2.84851060E-15   2.94504970E-15
  -1.84097326      -1.69603779E-15   1.80853075E-15
  -1.83469009      -3.16520119E-16   4.29771388E-16
  -1.82840693       1.16101906E-15  -1.06368079E-15
  -1.82212377       2.59460867E-15  -2.52669738E-15
  -1.81584060       3.83669164E-15  -3.81181682E-15
  -1.80955732       4.75288059E-15  -4.77911193E-15
  -1.80327415       5.23538529E-15  -5.31691983E-15
  -1.79699099       5.21155910E-15  -5.34876149E-15
  -1.79070783       4.65942109E-15  -4.84531264E-15
  -1.78442466       3.60571211E-15  -3.83152770E-15
  -1.77814150       2.12965661E-15  -2.38118177E-15
  -1.77185822       3.58967163E-16  -6.19017448E-16
  -1.76557505      -1.54635860E-15   1.29337219E-15
  -1.75929189      -3.40036422E-15   3.17292126E-15
  -1.75300872      -5.01334195E-15   4.82599732E-15
  -1.74672556      -6.21117317E-15   6.07475301E-15
  -1.74044228      -6.84813814E-15   6.77072525E-15
  -1.73415911      -6.83019417E-15   6.81227984E-15
  -1.72787595      -6.12020141E-15   6.15975658E-15
  -1.72159278      -4.75091336E-15   4.83729293E-15
  -1.71530962      -2.82259330E-15   2.94292005E-15
  -1.70902646      -4.94003061E-16   6.32556211E-16
  -1.70274317       2.02003255E-15  -1.88477981E-15
  -1.69646001       4.47960659E-15  -4.36454860E-15
  -1.69017684       6.63325181E-15  -6.55693287E-15
  -1.68389368       8.24322893E-15  -8.22096806E-15
  -1.67761052       9.11495881E-15  -9.15650832E-15
  -1.67132723       9.11249480E-15  -9.22365008E-15
  -1.66504407       8.18210703E-15  -8.36089282E-15
  -1.65876091       6.35607721E-15  -6.59798559E-15
  -1.65247774       3.76105880E-15  -4.05265116E-15
  -1.64619458       6.09805171E-16  -9.34785137E-16
  -1.63991141      -2.81925557E-15   2.47841607E-15
  -1.63362813      -6.19651611E-15   5.86175345E-15
  -1.62734497      -9.17741902E-15   8.86853491E-15
  -1.62106180      -1.14337369E-14   1.11683488E-14
  -1.61477864      -1.26869154E-14   1.24789400E-14
  -1.60849547      -1.27375976E-14   1.25982336E-14
  -1.60221219      -1.14945293E-14   1.14270648E-14
  -1.59592903      -8.99016376E-15   8.99260321E-15
  -1.58964586      -5.38246239E-15   5.44961347E-15
  -1.58336270      -9.54606767E-16   1.07406456E-15
  -1.57707953       3.90670992E-15  -3.75096979E-15
  -1.57079637       8.74360856E-15  -8.56874962E-15
  -1.56451309       1.30647675E-14  -1.28891318E-14
  -1.55822992       1.63891050E-14  -1.62343368E-14
  -1.55194676       1.82988119E-14  -1.81816689E-14
  -1.54566360       1.84874970E-14  -1.84216757E-14
  -1.53938043       1.67860432E-14  -1.67906426E-14
  -1.53309727       1.32083404E-14  -1.32901697E-14
  -1.52681398       7.95947120E-15  -8.12494755E-15
  -1.52053082       1.41609753E-15  -1.67541063E-15
  -1.51424766      -5.86637655E-15   5.51732571E-15
  -1.50796449      -1.32181067E-14   1.27785644E-14
  -1.50168133      -1.99004072E-14   1.93764682E-14
  -1.49539804      -2.51689166E-14   2.45703133E-14
  -1.48911488      -2.83557713E-14   2.76979486E-14
  -1.48283172      -2.89266122E-14   2.82353859E-14
  -1.47654855      -2.65695008E-14   2.58684557E-14
  -1.47026539      -2.12213788E-14   2.05547673E-14
  -1.46398222      -1.31122335E-14   1.25262146E-14
  -1.45769894      -2.78196325E-15   2.32739476E-15
  -1.45141578       8.96699656E-15  -9.22533991E-15
  -1.44513261       2.10903631E-14  -2.10959925E-14
  -1.43884945       3.23965843E-14  -3.20910087E-14
  -1.43256629       4.16392351E-14  -4.09800029E-14
  -1.42628300       4.76267653E-14  -4.65938255E-14
  -1.41999984       4.93508297E-14  -4.79531779E-14
  -1.41371667       4.61051993E-14  -4.43901270E-14
  -1.40743351       3.75712136E-14  -3.56485302E-14
  -1.40115035       2.39214234E-14  -2.19407724E-14
  -1.39486718       5.85739207E-15  -4.03150752E-15
  -1.38858390      -1.54215816E-14   1.68107343E-14
  -1.38230073      -3.82010165E-14   3.88572773E-14
  -1.37601757      -6.04023667E-14   5.99770274E-14
  -1.36973441      -7.97092833E-14   7.78620332E-14
  -1.36345124      -9.37072143E-14   9.01462539E-14
  -1.35716808      -1.00164011E-13   9.46449950E-14
  -1.35088480      -9.71920976E-14   8.96137480E-14
  -1.34460163      -8.34805383E-14   7.39109769E-14
  -1.33831847      -5.85458670E-14   4.72408604E-14
  -1.33203530      -2.28258117E-14   1.03219071E-14
  -1.32575214       2.21817092E-14  -3.50793003E-14
  -1.31946886       7.38527552E-14  -8.60718899E-14
  -1.31318569       1.28553079E-13  -1.38717989E-13
  -1.30690253       1.81732464E-13  -1.88256908E-13
  -1.30061936       2.28144679E-13  -2.29291006E-13
  -1.29433620       2.62221207E-13  -2.56182526E-13
  -1.28805304       2.78397802E-13  -2.63478367E-13
  -1.28176975       2.71609937E-13  -2.46354396E-13
  -1.27548659       2.37746048E-13  -2.01167614E-13
  -1.26920342       1.74122476E-13  -1.25893545E-13
  -1.26292026       7.99762613E-14  -2.06242985E-14
  -1.25663710      -4.32207608E-14   1.12065834E-13
  -1.25035393      -1.91413088E-13   2.66902630E-13
  -1.24407065      -3.57830952E-13   4.35752319E-13
  -1.23778749      -5.33001269E-13   6.07730988E-13
  -1.23150432      -7.04905698E-13   7.69460017E-13
  -1.22522116      -8.59384449E-13   9.05560295E-13
  -1.21893799      -9.80643843E-13   9.99351318E-13
  -1.21265471      -1.05208203E-12   1.03369158E-12
  -1.20637155      -1.05718429E-12   9.92167828E-13
  -1.20008838      -9.80525123E-13   8.60202101E-13
  -1.19380522      -8.09067006E-13   6.26394769E-13
  -1.18752205      -5.33288040E-13   2.83963879E-13
  -1.18123889      -1.48417831E-13  -1.68007074E-13
  -1.17495561       3.44355864E-13  -7.23284768E-13
  -1.16867244       9.36804996E-13  -1.36735631E-12
  -1.16238928       1.61288170E-12  -2.07649523E-12
  -1.15610611       2.34801545E-12  -2.81730477E-12
  -1.14982295       3.10862469E-12  -3.54625118E-12
  -1.14353979       3.85224274E-12  -4.20970810E-12
  -1.13725650       4.52760095E-12  -4.74450861E-12
  -1.13097334       5.07506710E-12  -5.07845632E-12
  -1.12469018       5.42738814E-12  -5.13125740E-12
  -1.11840701       5.51037341E-12  -4.81554119E-12
  -1.11212385       5.24318176E-12  -4.03767427E-12
  -1.10584056       4.53795551E-12  -2.69783610E-12
  -1.09955740       3.29791749E-12  -6.89254318E-13
  -1.09327424       1.41141374E-12   2.10474520E-12
  -1.08699107      -1.26062528E-12   5.81732839E-12
  -1.08070791      -4.91340952E-12   1.06088870E-11
  -1.07442474      -9.86531863E-12   1.66824176E-11
  -1.06814146      -1.67306238E-11   2.42837053E-11
  -1.06185830      -2.69550753E-11   3.35472483E-11
  -1.05557513      -4.50647575E-11   4.30718551E-11
  -1.04929197      -9.60448041E-11   3.34337419E-11
  -1.04300880      -1.51831148E-09   1.65239211E-10
  -1.03672552       3.12385362E-09   7.82243936E-10
  -1.03044236      -1.73363712E-09  -2.90715607E-09
  -1.02415919      -4.12446216E-10   3.42082718E-09
  -1.01787603       2.65239830E-09  -2.55648169E-09
  -1.01159286      -3.83596177E-09   3.04929110E-10
  -1.00530970       3.31856453E-09   2.27474395E-09
 -0.999026477      -1.23931843E-09  -4.03177225E-09
 -0.992743254      -1.66727598E-09   4.12180645E-09
 -0.986460090       4.01086853E-09  -2.26216312E-09
 -0.980176926      -4.80950657E-09  -7.33718530E-10
 -0.973893702       3.41504980E-09   3.74998788E-09
 -0.967610538      -4.31407493E-10  -5.26010568E-09
 -0.961327374      -3.08493320E-09   4.62818761E-09
 -0.955044150       5.46487655E-09  -1.80363757E-09
 -0.948760986      -5.69420600E-09  -1.98830219E-09
 -0.942477822       3.39808981E-09   5.28436361E-09
 -0.936194599       5.24929045E-10  -6.50567022E-09
 -0.929911435      -4.55789939E-09   5.05233588E-09
 -0.923628211       6.94353064E-09  -1.30860511E-09
 -0.917345047      -6.56541888E-09  -3.26635607E-09
 -0.911061883       3.41538398E-09   6.79480516E-09
 -0.904778659       1.39971246E-09  -7.76425324E-09
 -0.898495495      -5.93496097E-09   5.57076518E-09
 -0.892212331       8.37912584E-09  -9.95722171E-10
 -0.885929108      -7.55155849E-09  -4.30762093E-09
 -0.879645944       3.69219966E-09   8.16367685E-09
 -0.873362780       1.88534788E-09  -9.04687436E-09
 -0.867079556      -6.99240532E-09   6.39732223E-09
 -0.860796392       9.67732916E-09  -1.16534637E-09
 -0.854513228      -8.76194317E-09  -4.78801887E-09
 -0.848230004       4.49936177E-09   9.17634058E-09
 -0.841946840       1.63050040E-09  -1.03197051E-08
 -0.835663676      -7.39296757E-09   7.68657049E-09
 -0.829380453       1.06463069E-08  -2.14583351E-09
 -0.823097289      -1.01715285E-08  -4.33387815E-09
 -0.816814065       6.03976558E-09   9.46772349E-09
 -0.810530901       3.02360220E-10  -1.13786447E-08
 -0.804247737      -6.69648825E-09   9.39769240E-09
 -0.797964513       1.08931886E-08  -4.13923429E-09
 -0.791681349      -1.14854206E-08  -2.57998223E-09
 -0.785398185       8.24004154E-09   8.53174509E-09
 -0.779114962      -2.26743291E-09  -1.17155041E-08
 -0.772831798      -4.47571091E-09   1.11238894E-08
 -0.766548634       9.79830528E-09  -6.97349067E-09
 -0.760265410      -1.20248105E-08   6.33489983E-10
 -0.753982246       1.05157012E-08   5.86783555E-09
 -0.747699022      -5.79890003E-09  -1.05297895E-08
 -0.741415858      -5.99428895E-10   1.19623760E-08
 -0.735132694       6.73527278E-09  -9.84018556E-09
 -0.728849471      -1.07883480E-08   4.87881069E-09
 -0.722566307       1.16682690E-08   1.36835998E-09
 -0.716283143      -9.22715149E-09  -7.08220727E-09
 -0.709999919       4.29645564E-09   1.06656799E-08
 -0.703716755       1.65501024E-09  -1.12268408E-08
 -0.697433591      -6.95572977E-09   8.75338113E-09
 -0.691150367       1.02150128E-08  -4.06138767E-09
 -0.684867203      -1.06897584E-08  -1.48564328E-09
 -0.678584039       8.40998204E-09   6.40575415E-09
 -0.672300816      -4.13746015E-09  -9.47107726E-09
 -0.666017652      -9.33150335E-10   1.00423483E-08
 -0.659734488       5.48208678E-09  -8.14089596E-09
 -0.653451264      -8.44698800E-09   4.41975034E-09
 -0.647168100       9.23242727E-09   9.35019978E-11
 -0.640884876      -7.83415199E-09  -4.26252944E-09
 -0.634601712       4.76546091E-09   7.14563742E-09
 -0.628318548      -8.83166540E-10  -8.19766210E-09
 -0.622035325      -2.84838841E-09   7.35143102E-09
 -0.615752161       5.61106095E-09  -4.99529396E-09
 -0.609468997      -6.88781210E-09   1.80897564E-09
 -0.603185773       6.57231602E-09   1.40284584E-09
 -0.596902609      -4.91981744E-09  -3.93939725E-09
 -0.590619445       2.46837595E-09   5.32736788E-09
 -0.584336221       1.40951736E-10  -5.42519629E-09
 -0.578053057      -2.31065522E-09   4.39844072E-09
 -0.571769834       3.63071506E-09  -2.65190914E-09
 -0.565486670      -3.95021305E-09   7.02141900E-10
 -0.559203506       3.37777672E-09   9.67357527E-10
 -0.552920282      -2.23275576E-09  -2.00948236E-09
 -0.546637118       9.25417631E-10   2.30363328E-09
 -0.540353954       1.45418885E-10  -1.94271754E-09
 -0.534070730      -7.18767768E-10   1.20817090E-09
 -0.527787566       7.20529469E-10  -4.53057203E-10
 -0.521504402      -2.90087399E-10   6.70464205E-12
 -0.515221179      -2.79632040E-10  -5.58930367E-11
 -0.508938015       6.33300024E-10   5.84179427E-10
 -0.502654791      -4.77697382E-10  -1.36423850E-09
 -0.496371627      -2.98491759E-10   2.01007011E-09
 -0.490088463       1.55896196E-09  -2.11098317E-09
 -0.483805269      -2.90899016E-09   1.36732925E-09
 -0.477522075       3.79831144E-09   2.42434434E-10
 -0.471238911      -3.68189323E-09  -2.39734410E-09
 -0.464955717       2.25210450E-09   4.43751569E-09
 -0.458672523       3.70901893E-10  -5.53956658E-09
 -0.452389330      -3.53877283E-09   4.99092412E-09
 -0.446106166       6.17241724E-09  -2.53200616E-09
 -0.439822972      -7.08007830E-09  -1.37015688E-09
 -0.433539778       5.44919887E-09   5.48876367E-09
 -0.427256614      -1.36128875E-09  -8.12337042E-09
 -0.420973420      -3.94234378E-09   7.77792408E-09
 -0.414690226       8.27864977E-09  -3.96040312E-09
 -0.408407032      -9.35660260E-09  -2.19338769E-09
 -0.402123868       5.99710592E-09   8.02205147E-09
 -0.395840675       8.23141222E-10  -1.03602193E-08
 -0.389557481      -7.88002463E-09   7.29655847E-09
 -0.383274287       1.10538210E-08   2.34525094E-10
 -0.376991123      -7.78982301E-09  -8.24414403E-09
 -0.370707929      -6.90559776E-10   1.15741772E-08
 -0.364424735       9.26319377E-09  -7.34097538E-09
 -0.358141571      -1.17827756E-08  -2.33365927E-09
 -0.351858377       5.68130920E-09   1.07659597E-08
 -0.345575184       5.10991649E-09  -1.11965690E-08
 -0.339292020      -1.21532029E-08   2.52993226E-09
 -0.333008826       9.09522768E-09   8.56461480E-09
 -0.326725632       2.09393747E-09  -1.23704602E-08
 -0.320442438      -1.15962004E-08   4.87588236E-09
 -0.314159274       1.01823936E-08   7.40477546E-09
 -0.307876080       1.31967703E-09  -1.25070967E-08
 -0.301592886      -1.15651604E-08   4.87360019E-09
 -0.295309722       9.66478453E-09   7.93896682E-09
 -0.289026529       2.73447798E-09  -1.21392727E-08
 -0.282743335      -1.20507426E-08   2.78899903E-09
 -0.276460141       7.52723661E-09   9.71095560E-09
 -0.270176977       5.79698023E-09  -1.07230074E-08
 -0.263893783      -1.20260237E-08  -1.14213383E-09
 -0.257610589       3.44677731E-09   1.14578018E-08
 -0.251327395       9.32136768E-09  -7.31302041E-09
 -0.245044231      -1.00156203E-08  -6.08417094E-09
 -0.238761038      -2.27386843E-09   1.13515926E-08
 -0.232477859       1.13293099E-08  -1.59309899E-09
 -0.226194665      -5.07203657E-09  -1.01037747E-08
 -0.219911486      -7.92362531E-09   7.84523824E-09
 -0.213628307       9.73277103E-09   5.10548759E-09
 -0.207345113       1.99245620E-09  -1.06582112E-08
 -0.201061934      -1.06277911E-08   1.10732057E-09
 -0.194778740       3.94823418E-09   9.73544356E-09
 -0.188495561       8.14659717E-09  -6.33505026E-09
 -0.182212368      -8.11910539E-09  -6.05779071E-09
 -0.175929189      -3.67134900E-09   9.20883192E-09
 -0.169645995       9.57170077E-09   1.18690457E-09
 -0.163362816      -1.20158905E-09  -9.23492749E-09
 -0.157079637      -8.28117308E-09   3.29278649E-09
 -0.150796443       4.88072693E-09   6.82310475E-09
 -0.144513264       5.00681763E-09  -5.80713921E-09
 -0.138230085      -6.00253536E-09  -3.06600434E-09
 -0.131946892      -1.31184485E-09   5.48969981E-09
 -0.125663713       4.42606884E-09   1.06115620E-11
 -0.119380519      -7.23762272E-10  -3.12430481E-09
 -0.113097340      -1.92207694E-09   9.53313650E-10
 -0.106814153       8.62776406E-10   1.02456243E-09
 -0.100530960       4.69618011E-10  -6.41562414E-10
  -9.42477807E-02  -4.08688416E-10  -1.78427356E-10
  -8.79645869E-02  -4.14358131E-11   2.25696628E-10
  -8.16814080E-02   1.13834726E-10  -1.37756534E-11
  -7.53982216E-02  -2.25101708E-11  -5.67025454E-11
  -6.91150427E-02  -2.50020005E-11   1.18082592E-11
  -6.28318489E-02   1.11108301E-12   1.61594707E-12
  -5.65486699E-02  -1.67706148E-12   1.17273097E-12
  -5.02654798E-02  -1.36665310E-12   1.02414193E-12
  -4.39823009E-02  -9.82303323E-13   1.00913440E-12
  -3.76991108E-02  -6.12955975E-13   9.87571678E-13
  -3.14159282E-02  -2.82787818E-13   9.22369277E-13
  -2.51327399E-02  -2.94559858E-15   8.07476698E-13
  -1.88495591E-02   2.20030808E-13   6.47769978E-13
  -1.25663700E-02   3.81843862E-13   4.52287269E-13
  -6.28319010E-03   4.79868966E-13   2.32321595E-13
