        1000
 freq		real			imaginary
   0.00000000       5.33079115E-13   0.00000000    
   6.28319010E-03   4.97446431E-13  -2.44148180E-13
   1.25663700E-02   3.90684474E-13  -4.75855304E-13
   1.88495591E-02   2.14594361E-13  -6.82510743E-13
   2.51327399E-02  -2.81435726E-14  -8.52962341E-13
   3.14159282E-02  -3.33337145E-13  -9.77436231E-13
   3.76991108E-02  -6.94321445E-13  -1.05082902E-12
   4.39823009E-02  -1.10013084E-12  -1.07817032E-12
   5.02654798E-02  -1.52635998E-12  -1.09642471E-12
   5.65486699E-02  -1.88457279E-12  -1.24254231E-12
   6.28318489E-02   8.55183274E-13  -1.67870253E-12
   6.91150427E-02  -2.53169343E-11  -1.18496940E-11
   7.53982216E-02  -2.28457270E-11   5.67165828E-11
   8.16814080E-02   1.13522004E-10   1.37772944E-11
   8.79645869E-02  -4.18850232E-11  -2.25691452E-10
   9.42477807E-02  -4.09144718E-10   1.78877108E-10
  0.100530960       4.70086470E-10   6.42166265E-10
  0.106814153       8.63295602E-10  -1.02542796E-09
  0.113097340      -1.92415195E-09  -9.53089718E-10
  0.119380519      -7.22569948E-10   3.12920245E-09
  0.125663713       4.43377646E-09  -1.22302056E-11
  0.131946892      -1.31571165E-09  -5.49819923E-09
  0.138230085      -6.01167516E-09   3.07549808E-09
  0.144513264       5.02232744E-09   5.81755399E-09
  0.150796443       4.89006435E-09  -6.84343382E-09
  0.157079637      -8.30661051E-09  -3.29758665E-09
  0.163362816      -1.19963539E-09   9.26552790E-09
  0.169645995       9.60594626E-09  -1.19769550E-09
  0.175929189      -3.69287090E-09  -9.24451893E-09
  0.182212368      -8.15256751E-09   6.09084561E-09
  0.188495561       8.19211277E-09   6.36106146E-09
  0.194778740       3.96248501E-09  -9.79391501E-09
  0.201061934      -1.06961844E-08  -1.10629450E-09
  0.207345113       2.01409578E-09   1.07303828E-08
  0.213628307       9.80258896E-09  -5.15310905E-09
  0.219911486      -7.99837174E-09  -7.90537680E-09
  0.226194665      -5.11134779E-09   1.02028217E-08
  0.232477859       1.14474936E-08   1.59916991E-09
  0.238761038      -2.31076225E-09  -1.14789884E-08
  0.245044231      -1.01356950E-08   6.17023099E-09
  0.251327395       9.45743750E-09   7.40484962E-09
  0.257610589       3.48752205E-09  -1.16353744E-08
  0.263893783      -1.22255388E-08   1.17413412E-09
  0.270176977       5.91552052E-09   1.09139249E-08
  0.276460141       7.66878827E-09  -9.91517624E-09
  0.282743335      -1.23208581E-08  -2.83670443E-09
  0.289026529       2.81604318E-09   1.24323707E-08
  0.295309722       9.91462645E-09  -8.16324697E-09
  0.301592886      -1.19115962E-08  -5.00243758E-09
  0.307876080       1.37890355E-09   1.29107169E-08
  0.314159274       1.05355031E-08  -7.68200792E-09
  0.320442438      -1.20572876E-08  -5.05105735E-09
  0.326725632       2.20173590E-09   1.29010722E-08
  0.333008826       9.51463441E-09  -8.98489017E-09
  0.339292020      -1.27933744E-08  -2.64424083E-09
  0.345575184       5.42196021E-09   1.18344774E-08
  0.351858377       6.02533712E-09  -1.14610064E-08
  0.358141571      -1.26078312E-08   2.51717602E-09
  0.364424735       9.99568250E-09   7.89520982E-09
  0.370707929      -7.71191111E-10  -1.25687869E-08
  0.376991123      -8.51686011E-09   9.04432618E-09
  0.383274287       1.22219328E-08  -2.81198204E-10
  0.389557481      -8.82075391E-09  -8.13738943E-09
  0.395840675       9.53390256E-10   1.17130687E-08
  0.402123868       6.85329127E-09  -9.20514420E-09
  0.408407032      -1.08755343E-08   2.57387356E-09
  0.414690226       9.80074510E-09   4.66239047E-09
  0.420973420      -4.77239626E-09  -9.36224787E-09
  0.427256614      -1.65134306E-09   1.00071675E-08
  0.433539778       6.85865809E-09  -6.94373581E-09
  0.439822972      -9.18391496E-09   1.80431892E-09
  0.446106166       8.28605362E-09   3.36994410E-09
  0.452389330      -4.95042363E-09  -6.93304081E-09
  0.458672523       5.69419567E-10   8.06172018E-09
  0.464955717       3.42759376E-09  -6.82473189E-09
  0.471238911      -6.00381256E-09   3.94934085E-09
  0.477522075       6.71482114E-09  -4.67679284E-10
  0.483805269      -5.69589442E-09  -2.62971644E-09
  0.490088463       3.49680640E-09   4.64769112E-09
  0.496371627      -8.52629856E-10  -5.29042943E-09
  0.502654791      -1.53642599E-09   4.65833061E-09
  0.508938015       3.16804893E-09  -3.13115089E-09
  0.515221179      -3.81569976E-09   1.23041421E-09
  0.521504402       3.52895113E-09   5.40229361E-10
  0.527787566      -2.56734722E-09  -1.80450210E-09
  0.534070730       1.29994127E-09   2.38214293E-09
  0.540353954      -9.67455144E-11  -2.29676300E-09
  0.546637118      -7.63662911E-10   1.73116632E-09
  0.552920282       1.14721943E-09  -9.60426405E-10
  0.559203506      -1.07983489E-09   2.57175836E-10
  0.565486670       7.13745951E-10   1.73297821E-10
  0.571769834      -2.71663136E-10  -2.52973642E-10
  0.578053057      -3.08435499E-11   3.25504068E-11
  0.584336221       5.01428690E-11   3.26791483E-10
  0.590619445       2.39851250E-10  -6.15297147E-10
  0.596902609      -7.38459072E-10   6.43990195E-10
  0.603185773       1.25042909E-09  -3.08696291E-10
  0.609468997      -1.54204116E-09  -3.62126773E-10
  0.615752161       1.42391077E-09   1.21191945E-09
  0.622035325      -8.13232592E-10  -1.98192796E-09
  0.628318548      -2.14927298E-10   2.39524134E-09
  0.634601712       1.43654755E-09  -2.23238228E-09
  0.640884876      -2.52010102E-09   1.42163636E-09
  0.647168100       3.11941939E-09  -7.65832397E-11
  0.653451264      -2.97702929E-09  -1.50591140E-09
  0.659734488       2.01550110E-09   2.90941005E-09
  0.666017652      -3.92603838E-10  -3.71198716E-09
  0.672300816      -1.52177515E-09   3.60451313E-09
  0.678584039       3.21728688E-09  -2.51236765E-09
  0.684867203      -4.19242330E-09   6.33204655E-10
  0.691150367       4.09338785E-09   1.57269597E-09
  0.697433591      -2.85235746E-09  -3.50655860E-09
  0.703716755       7.28922367E-10   4.58487914E-09
  0.709999919       1.72661263E-09  -4.42868098E-09
  0.716283143      -3.81651377E-09   2.99708880E-09
  0.722566307       4.90052354E-09  -6.29759134E-10
  0.728849471      -4.59200056E-09  -2.01620409E-09
  0.735132694       2.91597235E-09   4.16170032E-09
  0.741415858      -3.13142900E-10  -5.12237719E-09
  0.747699022      -2.44650744E-09   4.55932270E-09
  0.753982246       4.51593785E-09  -2.58540744E-09
  0.760265410      -5.21641930E-09  -2.17455443E-10
  0.766548634       4.29292335E-09   2.98475644E-09
  0.772831798      -2.00358086E-09  -4.82497864E-09
  0.779114962      -9.32806166E-10   5.12438270E-09
  0.785398185       3.55953667E-09  -3.76823772E-09
  0.791681349      -5.01042408E-09   1.18506460E-09
  0.797964513       4.78723106E-09   1.75781123E-09
  0.804247737      -2.97657854E-09  -4.07863299E-09
  0.810530901       1.89660440E-10   4.97664265E-09
  0.816814065       2.59328337E-09  -4.16923474E-09
  0.823097289      -4.42026638E-09   1.94485605E-09
  0.829380453       4.65559591E-09   8.81865025E-10
  0.835663676      -3.25942473E-09  -3.30986083E-09
  0.841946840       7.62561014E-10   4.47820270E-09
  0.848230004       1.90417460E-09  -4.00512823E-09
  0.854513228      -3.76767639E-09   2.11828222E-09
  0.860796392       4.18400514E-09   4.51236049E-10
  0.867079556      -3.04514503E-09  -2.71753198E-09
  0.873362780       8.57374394E-10   3.87221455E-09
  0.879645944       1.53456670E-09  -3.51341711E-09
  0.885929108      -3.19663407E-09   1.87702565E-09
  0.892212331       3.56378660E-09   3.76014442E-10
  0.898495495      -2.54276022E-09  -2.32456587E-09
  0.904778659       6.32619790E-10   3.26324034E-09
  0.911061883       1.39397738E-09  -2.87024804E-09
  0.917345047      -2.72386647E-09   1.40152689E-09
  0.923628211       2.89363467E-09   5.04311259E-10
  0.929911435      -1.91465466E-09  -2.06318074E-09
  0.936194599       2.54119281E-10   2.67496914E-09
  0.942477822       1.36043443E-09  -2.18254370E-09
  0.948760986      -2.30609620E-09   8.44154080E-10
  0.955044150       2.22392771E-09   6.98562097E-10
  0.961327374      -1.26869382E-09  -1.84324889E-09
  0.967610538      -1.39779410E-10   2.10801243E-09
  0.973893702       1.33584188E-09  -1.51094715E-09
  0.980176926      -1.89448657E-09   3.20245663E-10
  0.986460090       1.58911395E-09   8.63454419E-10
  0.992743254      -6.74774570E-10  -1.59590363E-09
  0.999026477      -4.53434956E-10   1.56856439E-09
   1.00530970       1.26169453E-09  -8.95563401E-10
   1.01159286      -1.46480161E-09  -9.22745214E-11
   1.01787603       1.02124842E-09   9.49960111E-10
   1.02415919      -1.77047682E-10  -1.28386368E-09
   1.03044236      -6.27326746E-10   1.09314646E-09
   1.03672552       1.14847709E-09  -3.12599724E-10
   1.04300880      -5.66102276E-10  -5.06524545E-11
   1.04929197      -3.52922205E-11  -9.43192746E-12
   1.05557513      -1.62092492E-11  -1.44733010E-11
   1.06185830      -9.49680612E-12  -1.15763996E-11
   1.06814146      -5.74704347E-12  -8.50176179E-12
   1.07442474      -3.25483477E-12  -5.91465332E-12
   1.08070791      -1.47665907E-12  -3.82072065E-12
   1.08699107      -1.80750814E-13  -2.15319255E-12
   1.09327424       7.53403524E-13  -8.51299066E-13
   1.09955740       1.39960678E-12   1.36592994E-13
   1.10584056       1.81122001E-12   8.53540762E-13
   1.11212385       2.02985372E-12   1.33801021E-12
   1.11840701       2.09206307E-12   1.62660987E-12
   1.12469018       2.03107062E-12   1.75266225E-12
   1.13097334       1.87615461E-12   1.74826993E-12
   1.13725650       1.65481561E-12   1.64397966E-12
   1.14353979       1.39188357E-12   1.46729590E-12
   1.14982295       1.10835625E-12   1.24326569E-12
   1.15610611       8.22796041E-13   9.94421776E-13
   1.16238928       5.50296787E-13   7.39419485E-13
   1.16867244       3.02461832E-13   4.93673245E-13
   1.17495561       8.75957835E-14   2.69240305E-13
   1.18123889      -8.89095519E-14   7.46970574E-14
   1.18752205      -2.24678132E-13  -8.46694947E-14
   1.19380522      -3.19833353E-13  -2.06346496E-13
   1.20008838      -3.76594697E-13  -2.90404853E-13
   1.20637155      -3.98778612E-13  -3.38933959E-13
   1.21265471      -3.91470927E-13  -3.55913866E-13
   1.21893799      -3.60733578E-13  -3.46096632E-13
   1.22522116      -3.12368729E-13  -3.15139733E-13
   1.23150432      -2.52909889E-13  -2.69286275E-13
   1.23778749      -1.88031882E-13  -2.13795398E-13
   1.24407065      -1.22605078E-13  -1.54567277E-13
   1.25035393      -6.14777868E-14  -9.60550541E-14
   1.25663710      -7.39168045E-15  -4.19939962E-14
   1.26292026       3.68599330E-14   4.27508709E-15
   1.26920342       7.00699535E-14   4.14776720E-14
   1.27548659       9.20948566E-14   6.80729344E-14
   1.28176975       1.02831697E-13   8.42999715E-14
   1.28805304       1.03961761E-13   9.08368975E-14
   1.29433620       9.66271198E-14   8.86134021E-14
   1.30061936       8.29930742E-14   7.97507134E-14
   1.30690253       6.51526088E-14   6.56430476E-14
   1.31318569       4.49338442E-14   4.86729729E-14
   1.31946886       2.46764957E-14   3.04676260E-14
   1.32575214       5.51975966E-15   1.26949944E-14
   1.33203530      -1.07922907E-14  -2.96065290E-15
   1.33831847      -2.35330825E-14  -1.60046909E-14
   1.34460163      -3.23817104E-14  -2.52679550E-14
   1.35088480      -3.67522785E-14  -3.07896680E-14
   1.35716808      -3.74159796E-14  -3.27299629E-14
   1.36345124      -3.45383580E-14  -3.11048252E-14
   1.36973441      -2.88897121E-14  -2.70005711E-14
   1.37601757      -2.15645339E-14  -2.07886754E-14
   1.38230073      -1.30694880E-14  -1.34544577E-14
   1.38858390      -4.63856248E-15  -5.88337057E-15
   1.39486718       3.20927104E-15   1.43367145E-15
   1.40115035       9.79928182E-15   7.57776173E-15
   1.40743351       1.45899663E-14   1.23884667E-14
   1.41371667       1.76041771E-14   1.54173684E-14
   1.41999984       1.84686623E-14   1.66075480E-14
   1.42628300       1.76253292E-14   1.62232254E-14
   1.43256629       1.52164692E-14   1.41761738E-14
   1.43884945       1.15357180E-14   1.11415512E-14
   1.44513261       7.31966571E-15   7.32886618E-15
   1.45141578       2.69411958E-15   3.15272863E-15
   1.45769894      -1.64371646E-15  -7.63680670E-16
   1.46398222      -5.39147991E-15  -4.36998358E-15
   1.47026539      -8.37525511E-15  -7.09532395E-15
   1.47654855      -1.01522625E-14  -8.90829972E-15
   1.48283172      -1.09388562E-14  -9.76379791E-15
   1.48911488      -1.05723773E-14  -9.47486311E-15
   1.49539804      -9.20798675E-15  -8.42908236E-15
   1.50168133      -7.20483006E-15  -6.59240830E-15
   1.50796449      -4.57147070E-15  -4.26376650E-15
   1.51424766      -1.81764715E-15  -1.80350679E-15
   1.52053082       8.91951104E-16   7.51729882E-16
   1.52681398       3.35273005E-15   2.92780157E-15
   1.53309727       5.18932025E-15   4.70201711E-15
   1.53938043       6.49942780E-15   5.92637274E-15
   1.54566360       7.02518962E-15   6.39511739E-15
   1.55194676       6.82491546E-15   6.34187967E-15
   1.55822992       6.08699221E-15   5.61611813E-15
   1.56451309       4.69946161E-15   4.40755627E-15
   1.57079637       3.05727648E-15   2.95907403E-15
   1.57707953       1.22434039E-15   1.21795715E-15
   1.58336270      -6.52149195E-16  -4.06255530E-16
   1.58964586      -2.23727151E-15  -1.91260421E-15
   1.59592903      -3.60034361E-15  -3.14725679E-15
   1.60221219      -4.46481231E-15  -3.91221564E-15
   1.60849547      -4.85810749E-15  -4.33608024E-15
   1.61477864      -4.80321891E-15  -4.23245592E-15
   1.62106180      -4.22800392E-15  -3.75346133E-15
   1.62734497      -3.35146543E-15  -2.95701404E-15
   1.63362813      -2.17674635E-15  -1.86930981E-15
   1.63991141      -8.66781309E-16  -7.22128834E-16
   1.64619458       4.06400241E-16   4.64223289E-16
   1.65247774       1.60767510E-15   1.54304606E-15
   1.65876091       2.55428333E-15   2.37707853E-15
   1.66504407       3.19419597E-15   2.97888104E-15
   1.67132723       3.51622350E-15   3.23939196E-15
   1.67761052       3.45171516E-15   3.18225027E-15
   1.68389368       3.08432733E-15   2.84119160E-15
   1.69017684       2.42629454E-15   2.22665904E-15
   1.69646001       1.57226340E-15   1.47466107E-15
   1.70274317       6.39605590E-16   5.95219687E-16
   1.70902646      -3.48636670E-16  -2.68609182E-16
   1.71530962      -1.19837671E-15  -1.04016281E-15
   1.72159278      -1.92278300E-15  -1.70238503E-15
   1.72787595      -2.42336042E-15  -2.10411963E-15
   1.73415911      -2.62771728E-15  -2.32195829E-15
   1.74044228      -2.63227770E-15  -2.27994080E-15
   1.74672556      -2.32724843E-15  -1.99007215E-15
   1.75300872      -1.84005668E-15  -1.57237987E-15
   1.75929189      -1.21643757E-15  -9.61863086E-16
   1.76557505      -4.67577857E-16  -3.19923497E-16
   1.77185822       2.39273679E-16   3.31436554E-16
   1.77814150       9.26018770E-16   9.46459157E-16
   1.78442466       1.47224745E-15   1.40243118E-15
   1.79070783       1.84025955E-15   1.75511876E-15
   1.79699099       2.04862711E-15   1.88164727E-15
   1.80327415       1.99095348E-15   1.85034136E-15
   1.80955732       1.81495359E-15   1.65746984E-15
   1.81584060       1.41306907E-15   1.25927033E-15
   1.82212377       9.04947343E-16   8.65272319E-16
   1.82840693       3.94361705E-16   3.03591114E-16
   1.83469009      -2.56377735E-16  -1.95113113E-16
   1.84097326      -7.06350516E-16  -6.21026134E-16
   1.84725642      -1.17640912E-15  -1.07663054E-15
   1.85353971      -1.49102617E-15  -1.23887166E-15
   1.85982287      -1.57220835E-15  -1.41911434E-15
   1.86610603      -1.64439588E-15  -1.36526253E-15
   1.87238920      -1.39236801E-15  -1.16834854E-15
   1.87867236      -1.14470997E-15  -9.53415415E-16
   1.88495564      -7.42464083E-16  -5.05149592E-16
   1.89123881      -2.56717793E-16  -1.82837885E-16
   1.89752197       1.22289773E-16   2.80259591E-16
   1.90380514       6.41861239E-16   6.35958054E-16
   1.91008830       8.89259234E-16   8.89280833E-16
   1.91637146       1.19383428E-15   1.18521509E-15
   1.92265475       1.30951844E-15   1.14478853E-15
   1.92893791       1.22213365E-15   1.22651091E-15
   1.93522108       1.21766598E-15   1.03515113E-15
   1.94150424       8.34769604E-16   7.68862182E-16
   1.94778740       6.15020035E-16   5.86378357E-16
   1.95407069       2.34997062E-16   1.05451737E-16
   1.96035385      -2.05839051E-16  -8.82271371E-17
   1.96663702      -4.13000242E-16  -4.58580144E-16
   1.97292018      -8.40097865E-16  -7.13572107E-16
   1.97920334      -9.24589825E-16  -7.82674113E-16
   1.98548651      -1.06206581E-15  -9.80524493E-16
   1.99176979      -1.08396140E-15  -8.25872582E-16
   1.99805295      -8.83575431E-16  -7.95530591E-16
   2.00433612      -7.99556645E-16  -5.79984000E-16
   2.01061940      -4.37438942E-16  -2.98306793E-16
   2.01690245      -1.96931349E-16  -1.09123625E-16
   2.02318573       1.07735345E-16   2.52207501E-16
   2.02946877       4.31788439E-16   4.30772052E-16
   2.03575206       6.02088701E-16   6.50211289E-16
   2.04203510       8.12041169E-16   7.92717171E-16
   2.04831839       8.67682869E-16   8.11650475E-16
   2.05460167       8.55586286E-16   8.16422024E-16
   2.06088471       7.82519318E-16   6.97947313E-16
   2.06716800       5.97692282E-16   5.32946460E-16
   2.07345104       3.91078182E-16   3.49253919E-16
   2.07973433       1.55732354E-16   9.39829377E-17
   2.08601761      -1.34027161E-16  -1.13215800E-16
   2.09230065      -3.12826685E-16  -3.07707429E-16
   2.09858394      -5.50076007E-16  -5.17900190E-16
   2.10486698      -6.75789779E-16  -5.49682031E-16
   2.11115026      -7.01206061E-16  -6.64612120E-16
   2.11743355      -7.72983421E-16  -5.95414505E-16
   2.12371659      -6.00470444E-16  -5.06026482E-16
   2.12999988      -5.46681735E-16  -4.22900469E-16
   2.13628292      -3.21517296E-16  -1.53434089E-16
   2.14256620      -1.00645831E-16  -7.32308952E-17
   2.14884949       3.82102320E-17   2.12273299E-16
   2.15513253       3.53968689E-16   3.39672282E-16
   2.16141582       3.83181771E-16   4.44843281E-16
   2.16769886       5.93621654E-16   6.32533818E-16
   2.17398214       6.24807607E-16   5.20288294E-16
   2.18026519       5.51059518E-16   6.34511534E-16
   2.18654847       6.24314422E-16   4.81386612E-16
   2.19283175       3.50016354E-16   3.43198692E-16
   2.19911480       3.13753074E-16   3.02052902E-16
   2.20539808       1.10758663E-16  -2.34106142E-17
   2.21168113      -1.39965048E-16  -3.67581065E-17
   2.21796441      -1.60921331E-16  -2.64416952E-16
   2.22424769      -4.61498066E-16  -3.95387992E-16
   2.23053074      -4.31272225E-16  -3.64255402E-16
   2.23681402      -5.26104763E-16  -5.47472652E-16
   2.24309707      -5.64984740E-16  -3.62999358E-16
   2.24938035      -3.82596630E-16  -4.10837767E-16
   2.25566363      -4.60118885E-16  -2.78747267E-16
   2.26194668      -1.65825916E-16  -7.32938668E-17
   2.26822996      -1.12399896E-16  -8.22348687E-17
   2.27451301       4.04866132E-17   2.35119035E-16
   2.28079629       2.71651381E-16   2.08102813E-16
   2.28707933       2.33585958E-16   3.91578038E-16
   2.29336262       4.91219394E-16   4.56869614E-16
   2.29964590       3.84774775E-16   3.82900926E-16
   2.30592895       4.52855471E-16   5.15187991E-16
   2.31221223       4.29786106E-16   2.90299579E-16
   2.31849527       2.43480785E-16   3.15381548E-16
   2.32477856       2.70733118E-16   1.62577519E-16
   2.33106184       2.14200868E-17  -7.83831054E-18
   2.33734488      -4.21471650E-17  -3.31381921E-17
   2.34362817      -1.57984985E-16  -2.47282455E-16
   2.34991121      -3.20130279E-16  -2.61313741E-16
   2.35619450      -3.08811219E-16  -3.26144266E-16
   2.36247778      -4.04293220E-16  -3.81945155E-16
   2.36876082      -3.87360661E-16  -2.96079626E-16
   2.37504411      -3.12917052E-16  -2.96607380E-16
   2.38132715      -3.07620661E-16  -1.97317860E-16
   2.38761044      -1.51793757E-16  -5.82713669E-17
   2.39389372      -6.30465151E-17  -2.48285474E-17
   2.40017676       8.29530467E-18   1.64317113E-16
   2.40646005       2.05913498E-16   2.17484815E-16
   2.41274309       1.80700133E-16   2.63877392E-16
   2.41902637       3.25877609E-16   4.00749075E-16
   2.42530942       3.36292409E-16   2.80837585E-16
   2.43159270       2.76710735E-16   3.88813110E-16
   2.43787599       3.68646209E-16   2.52599201E-16
   2.44415903       1.46729559E-16   1.87075379E-16
   2.45044231       2.19185525E-16   1.75217130E-16
   2.45672536       3.23410017E-17  -8.23946866E-17
   2.46300864      -7.10826410E-17   1.43658376E-17
   2.46929193      -4.65594688E-17  -2.35931842E-16
   2.47557497      -3.12000986E-16  -2.17455539E-16
   2.48185825      -1.57123129E-16  -2.22742878E-16
   2.48814130      -3.42075103E-16  -3.73893684E-16
   2.49442458      -2.85538036E-16  -1.47515552E-16
   2.50070786      -1.96929337E-16  -3.03854912E-16
   2.50699091      -2.96781101E-16  -9.71153979E-17
   2.51327419      -3.74771051E-17  -5.27555413E-17
   2.51955724      -1.30979034E-16  -2.49538338E-17
   2.52584052       6.44440666E-17   1.93725699E-16
   2.53212357       1.11525136E-16   1.06163219E-16
   2.53840685       1.24975820E-16   3.10963847E-16
   2.54469013       2.88095837E-16   2.43610117E-16
   2.55097318       1.62910588E-16   2.78472034E-16
   2.55725646       3.07055584E-16   3.06306913E-16
   2.56353951       1.85619965E-16   1.48617542E-16
   2.56982279       1.68158169E-16   2.31993113E-16
   2.57610607       1.63767494E-16   2.20256889E-17
   2.58238912      -1.39220585E-17   1.90645014E-17
   2.58867240       3.59114904E-17  -6.41960183E-17
   2.59495544      -1.23890295E-16  -1.84856365E-16
   2.60123873      -1.36869089E-16  -1.55175695E-16
   2.60752201      -1.75274834E-16  -2.61565045E-16
   2.61380506      -2.32212706E-16  -2.11138315E-16
   2.62008834      -1.88786068E-16  -2.16148885E-16
   2.62637138      -2.10937012E-16  -1.73386691E-16
   2.63265467      -1.47569154E-16  -1.05316768E-16
   2.63893771      -1.14884190E-16  -4.24133484E-17
   2.64522099      -4.03424984E-17   3.35397849E-17
   2.65150428      -4.44829692E-18   1.01465878E-16
   2.65778732       8.74875383E-17   1.78972318E-16
   2.66407061       1.07760802E-16   1.83393989E-16
   2.67035365       1.51616277E-16   2.67475799E-16
   2.67663693       2.01650169E-16   2.09175369E-16
   2.68292022       1.42412285E-16   2.27400924E-16
   2.68920326       2.03763013E-16   1.85999435E-16
   2.69548655       1.10469746E-16   9.35168314E-17
   2.70176959       1.07409813E-16   9.03507016E-17
   2.70805287       5.03793227E-17  -5.01198957E-17
   2.71433616      -2.53512991E-17  -4.51627777E-17
   2.72061920      -2.05145027E-17  -1.62144341E-16
   2.72690248      -1.47039970E-16  -1.68041490E-16
   2.73318553      -8.31029583E-17  -1.79125445E-16
   2.73946881      -1.86009944E-16  -2.42891303E-16
   2.74575210      -1.52065072E-16  -1.18829035E-16
   2.75203514      -1.18677389E-16  -1.96486074E-16
   2.75831842      -1.80339773E-16  -5.58635434E-17
   2.76460147      -2.41012108E-17  -2.29919682E-17
   2.77088475      -1.01913515E-16   1.57969659E-18
   2.77716780       2.26340405E-17   1.56263589E-16
   2.78345108       4.75194979E-17   8.51084147E-17
   2.78973436       3.19576664E-17   2.35147543E-16
   2.79601741       1.73526081E-16   1.87780958E-16
   2.80230069       5.88049712E-17   1.81624299E-16
   2.80858374       1.75327032E-16   2.38081374E-16
   2.81486702       1.21427864E-16   7.70945036E-17
   2.82115030       7.20611956E-17   1.51848999E-16
   2.82743335       1.40122013E-16   1.10627532E-17
   2.83371663      -1.11449551E-17  -3.58389037E-17
   2.83999968       5.08807795E-17  -4.43674667E-17
   2.84628296      -3.82562828E-17  -1.80070258E-16
   2.85256624      -7.51772975E-17  -1.16850869E-16
   2.85884929      -5.31204537E-17  -2.09147972E-16
   2.86513257      -1.48006659E-16  -1.71434916E-16
   2.87141562      -7.60915637E-17  -1.40237607E-16
   2.87769890      -1.29671824E-16  -1.53876161E-16
   2.88398194      -1.01468115E-16  -3.62674891E-17
   2.89026523      -5.88280528E-17  -4.27538424E-17
   2.89654851      -7.89459456E-17   5.49881746E-17
   2.90283155       9.10758280E-18   9.68301728E-17
   2.90911484      -1.48936218E-17   1.27318528E-16
   2.91539788       5.68550219E-17   1.94813422E-16
   2.92168117       6.03743644E-17   1.51641053E-16
   2.92796445       6.73861032E-17   2.13085432E-16
   2.93424749       1.24258807E-16   1.39596800E-16
   2.94053078       5.38079003E-17   1.23014516E-16
   2.94681382       1.19855162E-16   9.58375693E-17
   2.95309711       5.73119300E-17  -1.49413700E-17
   2.95938039       4.55592420E-17   4.08639796E-18
   2.96566343       5.22153692E-17  -1.17722386E-16
   2.97194672      -3.52155470E-17  -1.13404186E-16
   2.97822976       1.69965631E-17  -1.56438489E-16
   2.98451304      -8.46334410E-17  -1.91423199E-16
   2.99079633      -3.89248962E-17  -1.28164317E-16
   2.99707937      -8.17374486E-17  -1.93025706E-16
   3.00336266      -1.04511782E-16  -5.83257888E-17
   3.00964570      -3.43886642E-17  -9.53420682E-17
   3.01592898      -1.31502315E-16   1.43327570E-18
   3.02221203       2.16287216E-18   6.69884609E-17
   3.02849531      -8.33838953E-17   4.85408642E-17
   3.03477859       9.63347776E-19   2.03080371E-16
   3.04106164       2.16820863E-17   9.37879084E-17
   3.04734492      -2.29939667E-17   2.25116635E-16
   3.05362797       1.14647577E-16   1.44451834E-16
   3.05991125      -1.50612781E-17   1.28592333E-16
   3.06619453       1.26590583E-16   1.55931566E-16
   3.07247758       4.32142842E-17  -1.05905985E-17
   3.07876086       6.02995476E-17   8.04524003E-17
   3.08504391       9.91229586E-17  -1.06834863E-16
   3.09132719      -1.38919756E-17  -5.87710899E-17
   3.09761047       9.93472106E-17  -1.40918569E-16
   3.10389352      -5.55655400E-17  -1.83311641E-16
   3.11017680       3.75491955E-17  -1.18378572E-16
   3.11645985      -5.03013791E-17  -2.27874203E-16
   3.12274313      -5.58492233E-17  -6.85129746E-17
   3.12902617      -1.85646726E-17  -1.56025242E-16
   3.13530946      -1.28861849E-16  -2.03316627E-17
  -3.14159274       3.63072732E-19  -5.42837277E-25
  -3.13530946      -1.28861849E-16   2.03316627E-17
  -3.12902617      -1.85646858E-17   1.56025256E-16
  -3.12274313      -5.58492166E-17   6.85129746E-17
  -3.11645985      -5.03013758E-17   2.27874203E-16
  -3.11017680       3.75491922E-17   1.18378572E-16
  -3.10389352      -5.55655334E-17   1.83311641E-16
  -3.09761047       9.93471974E-17   1.40918569E-16
  -3.09132719      -1.38919756E-17   5.87710634E-17
  -3.08504391       9.91229586E-17   1.06834850E-16
  -3.07876086       6.02995344E-17  -8.04523937E-17
  -3.07247758       4.32142842E-17   1.05906118E-17
  -3.06619453       1.26590583E-16  -1.55931592E-16
  -3.05991125      -1.50612781E-17  -1.28592333E-16
  -3.05362797       1.14647564E-16  -1.44451834E-16
  -3.04734492      -2.29939733E-17  -2.25116635E-16
  -3.04106164       2.16820847E-17  -9.37879084E-17
  -3.03477859       9.63341159E-19  -2.03080371E-16
  -3.02849531      -8.33839019E-17  -4.85408377E-17
  -3.02221203       2.16285893E-18  -6.69884543E-17
  -3.01592898      -1.31502315E-16  -1.43326908E-18
  -3.00964570      -3.43886642E-17   9.53420550E-17
  -3.00336266      -1.04511782E-16   5.83257888E-17
  -2.99707937      -8.17374486E-17   1.93025680E-16
  -2.99079633      -3.89248962E-17   1.28164343E-16
  -2.98451304      -8.46334410E-17   1.91423199E-16
  -2.97822976       1.69965664E-17   1.56438489E-16
  -2.97194672      -3.52155437E-17   1.13404186E-16
  -2.96566343       5.22153692E-17   1.17722386E-16
  -2.95938039       4.55592420E-17  -4.08639796E-18
  -2.95309711       5.73119300E-17   1.49413766E-17
  -2.94681382       1.19855162E-16  -9.58375693E-17
  -2.94053078       5.38079003E-17  -1.23014516E-16
  -2.93424749       1.24258807E-16  -1.39596800E-16
  -2.92796445       6.73861032E-17  -2.13085432E-16
  -2.92168117       6.03743644E-17  -1.51641053E-16
  -2.91539788       5.68550219E-17  -1.94813422E-16
  -2.90911484      -1.48936185E-17  -1.27318528E-16
  -2.90283155       9.10757618E-18  -9.68301728E-17
  -2.89654851      -7.89459456E-17  -5.49881679E-17
  -2.89026523      -5.88280528E-17   4.27538358E-17
  -2.88398194      -1.01468155E-16   3.62674891E-17
  -2.87769890      -1.29671797E-16   1.53876187E-16
  -2.87141562      -7.60915637E-17   1.40237607E-16
  -2.86513257      -1.48006659E-16   1.71434916E-16
  -2.85884929      -5.31204537E-17   2.09147972E-16
  -2.85256624      -7.51772975E-17   1.16850869E-16
  -2.84628296      -3.82562861E-17   1.80070258E-16
  -2.83999968       5.08807861E-17   4.43674667E-17
  -2.83371663      -1.11449684E-17   3.58389037E-17
  -2.82743335       1.40122013E-16  -1.10627400E-17
  -2.82115030       7.20611956E-17  -1.51848986E-16
  -2.81486702       1.21427864E-16  -7.70945036E-17
  -2.80858374       1.75327032E-16  -2.38081321E-16
  -2.80230069       5.88049977E-17  -1.81624299E-16
  -2.79601741       1.73526081E-16  -1.87780958E-16
  -2.78973436       3.19576664E-17  -2.35147516E-16
  -2.78345108       4.75195013E-17  -8.51084147E-17
  -2.77716780       2.26340405E-17  -1.56263589E-16
  -2.77088475      -1.01913529E-16  -1.57969659E-18
  -2.76460147      -2.41012108E-17   2.29919682E-17
  -2.75831842      -1.80339773E-16   5.58635169E-17
  -2.75203514      -1.18677416E-16   1.96486074E-16
  -2.74575210      -1.52065046E-16   1.18829035E-16
  -2.73946881      -1.86009944E-16   2.42891330E-16
  -2.73318553      -8.31029583E-17   1.79125445E-16
  -2.72690248      -1.47039970E-16   1.68041490E-16
  -2.72061920      -2.05145027E-17   1.62144341E-16
  -2.71433616      -2.53513040E-17   4.51627777E-17
  -2.70805287       5.03793227E-17   5.01199023E-17
  -2.70176959       1.07409813E-16  -9.03507016E-17
  -2.69548655       1.10469746E-16  -9.35168314E-17
  -2.68920326       2.03763013E-16  -1.85999435E-16
  -2.68292022       1.42412285E-16  -2.27400924E-16
  -2.67663693       2.01650169E-16  -2.09175369E-16
  -2.67035365       1.51616277E-16  -2.67475799E-16
  -2.66407061       1.07760802E-16  -1.83393989E-16
  -2.65778732       8.74875450E-17  -1.78972318E-16
  -2.65150428      -4.44829940E-18  -1.01465905E-16
  -2.64522099      -4.03424984E-17  -3.35397816E-17
  -2.63893771      -1.14884164E-16   4.24133484E-17
  -2.63265467      -1.47569154E-16   1.05316768E-16
  -2.62637138      -2.10937012E-16   1.73386691E-16
  -2.62008834      -1.88786068E-16   2.16148885E-16
  -2.61380506      -2.32212706E-16   2.11138368E-16
  -2.60752201      -1.75274834E-16   2.61565045E-16
  -2.60123873      -1.36869089E-16   1.55175695E-16
  -2.59495544      -1.23890295E-16   1.84856365E-16
  -2.58867240       3.59114871E-17   6.41960183E-17
  -2.58238912      -1.39220585E-17  -1.90645014E-17
  -2.57610607       1.63767494E-16  -2.20256889E-17
  -2.56982279       1.68158169E-16  -2.31993113E-16
  -2.56353951       1.85619965E-16  -1.48617542E-16
  -2.55725646       3.07055584E-16  -3.06306913E-16
  -2.55097318       1.62910588E-16  -2.78472034E-16
  -2.54469013       2.88095837E-16  -2.43610117E-16
  -2.53840685       1.24975820E-16  -3.10963847E-16
  -2.53212357       1.11525136E-16  -1.06163219E-16
  -2.52584052       6.44440666E-17  -1.93725699E-16
  -2.51955724      -1.30979021E-16   2.49538338E-17
  -2.51327419      -3.74771051E-17   5.27555413E-17
  -2.50699091      -2.96781101E-16   9.71153979E-17
  -2.50070786      -1.96929337E-16   3.03854912E-16
  -2.49442458      -2.85538036E-16   1.47515552E-16
  -2.48814130      -3.42075103E-16   3.73893684E-16
  -2.48185825      -1.57123129E-16   2.22742878E-16
  -2.47557497      -3.12000986E-16   2.17455539E-16
  -2.46929193      -4.65594688E-17   2.35931842E-16
  -2.46300864      -7.10826410E-17  -1.43658376E-17
  -2.45672536       3.23410017E-17   8.23946866E-17
  -2.45044231       2.19185525E-16  -1.75217103E-16
  -2.44415903       1.46729559E-16  -1.87075379E-16
  -2.43787599       3.68646209E-16  -2.52599201E-16
  -2.43159270       2.76710735E-16  -3.88813110E-16
  -2.42530942       3.36292409E-16  -2.80837585E-16
  -2.41902637       3.25877609E-16  -4.00749075E-16
  -2.41274309       1.80700133E-16  -2.63877392E-16
  -2.40646005       2.05913498E-16  -2.17484815E-16
  -2.40017676       8.29530467E-18  -1.64317113E-16
  -2.39389372      -6.30465151E-17   2.48285474E-17
  -2.38761044      -1.51793757E-16   5.82713669E-17
  -2.38132715      -3.07620661E-16   1.97317860E-16
  -2.37504411      -3.12917158E-16   2.96607380E-16
  -2.36876082      -3.87360766E-16   2.96079626E-16
  -2.36247778      -4.04293220E-16   3.81945155E-16
  -2.35619450      -3.08811219E-16   3.26144266E-16
  -2.34991121      -3.20130279E-16   2.61313741E-16
  -2.34362817      -1.57984985E-16   2.47282455E-16
  -2.33734488      -4.21471650E-17   3.31381921E-17
  -2.33106184       2.14200868E-17   7.83831054E-18
  -2.32477856       2.70733118E-16  -1.62577519E-16
  -2.31849527       2.43480785E-16  -3.15381548E-16
  -2.31221223       4.29786106E-16  -2.90299579E-16
  -2.30592895       4.52855471E-16  -5.15187991E-16
  -2.29964590       3.84774775E-16  -3.82900926E-16
  -2.29336262       4.91219394E-16  -4.56869614E-16
  -2.28707933       2.33585958E-16  -3.91578038E-16
  -2.28079629       2.71651381E-16  -2.08102813E-16
  -2.27451301       4.04866132E-17  -2.35119035E-16
  -2.26822996      -1.12399896E-16   8.22348554E-17
  -2.26194668      -1.65825916E-16   7.32938668E-17
  -2.25566363      -4.60118885E-16   2.78747267E-16
  -2.24938035      -3.82596630E-16   4.10837767E-16
  -2.24309707      -5.64984740E-16   3.62999464E-16
  -2.23681402      -5.26104763E-16   5.47472652E-16
  -2.23053074      -4.31272225E-16   3.64255402E-16
  -2.22424769      -4.61498066E-16   3.95387992E-16
  -2.21796441      -1.60921331E-16   2.64416952E-16
  -2.21168113      -1.39965048E-16   3.67581065E-17
  -2.20539808       1.10758663E-16   2.34106142E-17
  -2.19911480       3.13753074E-16  -3.02052902E-16
  -2.19283175       3.50016354E-16  -3.43198692E-16
  -2.18654847       6.24314422E-16  -4.81386612E-16
  -2.18026519       5.51059518E-16  -6.34511534E-16
  -2.17398214       6.24807607E-16  -5.20288294E-16
  -2.16769886       5.93621654E-16  -6.32533818E-16
  -2.16141582       3.83181771E-16  -4.44843281E-16
  -2.15513253       3.53968689E-16  -3.39672282E-16
  -2.14884949       3.82102386E-17  -2.12273273E-16
  -2.14256620      -1.00645778E-16   7.32308952E-17
  -2.13628292      -3.21517296E-16   1.53434089E-16
  -2.12999988      -5.46681629E-16   4.22900469E-16
  -2.12371659      -6.00470444E-16   5.06026482E-16
  -2.11743355      -7.72983421E-16   5.95414505E-16
  -2.11115026      -7.01206061E-16   6.64612120E-16
  -2.10486698      -6.75789990E-16   5.49682031E-16
  -2.09858394      -5.50076007E-16   5.17900190E-16
  -2.09230065      -3.12826685E-16   3.07707429E-16
  -2.08601761      -1.34027161E-16   1.13215800E-16
  -2.07973433       1.55732407E-16  -9.39829377E-17
  -2.07345104       3.91078288E-16  -3.49253919E-16
  -2.06716800       5.97692282E-16  -5.32946460E-16
  -2.06088471       7.82519318E-16  -6.97947313E-16
  -2.05460167       8.55586074E-16  -8.16422024E-16
  -2.04831839       8.67683081E-16  -8.11650475E-16
  -2.04203510       8.12041169E-16  -7.92717171E-16
  -2.03575206       6.02088701E-16  -6.50211289E-16
  -2.02946877       4.31788439E-16  -4.30772052E-16
  -2.02318573       1.07735332E-16  -2.52207501E-16
  -2.01690245      -1.96931349E-16   1.09123625E-16
  -2.01061940      -4.37438942E-16   2.98306793E-16
  -2.00433612      -7.99556645E-16   5.79984000E-16
  -1.99805295      -8.83575431E-16   7.95530591E-16
  -1.99176979      -1.08396140E-15   8.25872582E-16
  -1.98548651      -1.06206581E-15   9.80524493E-16
  -1.97920334      -9.24589825E-16   7.82674113E-16
  -1.97292018      -8.40097865E-16   7.13572107E-16
  -1.96663702      -4.13000189E-16   4.58580144E-16
  -1.96035385      -2.05839065E-16   8.82271371E-17
  -1.95407069       2.34997062E-16  -1.05451790E-16
  -1.94778740       6.15020035E-16  -5.86378357E-16
  -1.94150424       8.34769604E-16  -7.68862182E-16
  -1.93522108       1.21766598E-15  -1.03515113E-15
  -1.92893791       1.22213365E-15  -1.22651091E-15
  -1.92265475       1.30951844E-15  -1.14478853E-15
  -1.91637146       1.19383428E-15  -1.18521509E-15
  -1.91008830       8.89259234E-16  -8.89280833E-16
  -1.90380514       6.41861239E-16  -6.35958054E-16
  -1.89752197       1.22289786E-16  -2.80259591E-16
  -1.89123881      -2.56717793E-16   1.82837885E-16
  -1.88495564      -7.42464083E-16   5.05149592E-16
  -1.87867236      -1.14470997E-15   9.53415415E-16
  -1.87238920      -1.39236801E-15   1.16834854E-15
  -1.86610603      -1.64439588E-15   1.36526253E-15
  -1.85982287      -1.57220835E-15   1.41911434E-15
  -1.85353971      -1.49102617E-15   1.23887166E-15
  -1.84725642      -1.17640912E-15   1.07663054E-15
  -1.84097326      -7.06350516E-16   6.21026134E-16
  -1.83469009      -2.56377735E-16   1.95113113E-16
  -1.82840693       3.94361705E-16  -3.03591114E-16
  -1.82212377       9.04947343E-16  -8.65272319E-16
  -1.81584060       1.41306907E-15  -1.25927033E-15
  -1.80955732       1.81495359E-15  -1.65746984E-15
  -1.80327415       1.99095348E-15  -1.85034136E-15
  -1.79699099       2.04862711E-15  -1.88164727E-15
  -1.79070783       1.84025955E-15  -1.75511876E-15
  -1.78442466       1.47224745E-15  -1.40243118E-15
  -1.77814150       9.26018770E-16  -9.46459157E-16
  -1.77185822       2.39273679E-16  -3.31436581E-16
  -1.76557505      -4.67577857E-16   3.19923497E-16
  -1.75929189      -1.21643757E-15   9.61863086E-16
  -1.75300872      -1.84005668E-15   1.57237987E-15
  -1.74672556      -2.32724843E-15   1.99007215E-15
  -1.74044228      -2.63227770E-15   2.27994080E-15
  -1.73415911      -2.62771728E-15   2.32195829E-15
  -1.72787595      -2.42336042E-15   2.10411963E-15
  -1.72159278      -1.92278300E-15   1.70238503E-15
  -1.71530962      -1.19837671E-15   1.04016281E-15
  -1.70902646      -3.48636670E-16   2.68609182E-16
  -1.70274317       6.39605590E-16  -5.95219687E-16
  -1.69646001       1.57226340E-15  -1.47466107E-15
  -1.69017684       2.42629454E-15  -2.22665904E-15
  -1.68389368       3.08432733E-15  -2.84119160E-15
  -1.67761052       3.45171516E-15  -3.18225027E-15
  -1.67132723       3.51622350E-15  -3.23939196E-15
  -1.66504407       3.19419597E-15  -2.97888104E-15
  -1.65876091       2.55428333E-15  -2.37707853E-15
  -1.65247774       1.60767510E-15  -1.54304606E-15
  -1.64619458       4.06400241E-16  -4.64223289E-16
  -1.63991141      -8.66781309E-16   7.22128834E-16
  -1.63362813      -2.17674635E-15   1.86930981E-15
  -1.62734497      -3.35146543E-15   2.95701404E-15
  -1.62106180      -4.22800392E-15   3.75346133E-15
  -1.61477864      -4.80321891E-15   4.23245592E-15
  -1.60849547      -4.85810749E-15   4.33608024E-15
  -1.60221219      -4.46481231E-15   3.91221564E-15
  -1.59592903      -3.60034361E-15   3.14725679E-15
  -1.58964586      -2.23727151E-15   1.91260421E-15
  -1.58336270      -6.52149195E-16   4.06255530E-16
  -1.57707953       1.22434039E-15  -1.21795757E-15
  -1.57079637       3.05727648E-15  -2.95907403E-15
  -1.56451309       4.69946161E-15  -4.40755627E-15
  -1.55822992       6.08699221E-15  -5.61611813E-15
  -1.55194676       6.82491546E-15  -6.34187967E-15
  -1.54566360       7.02518962E-15  -6.39511739E-15
  -1.53938043       6.49942780E-15  -5.92637274E-15
  -1.53309727       5.18932025E-15  -4.70201711E-15
  -1.52681398       3.35273005E-15  -2.92780157E-15
  -1.52053082       8.91951104E-16  -7.51729882E-16
  -1.51424766      -1.81764715E-15   1.80350679E-15
  -1.50796449      -4.57147070E-15   4.26376650E-15
  -1.50168133      -7.20483006E-15   6.59240830E-15
  -1.49539804      -9.20798675E-15   8.42908236E-15
  -1.48911488      -1.05723773E-14   9.47486311E-15
  -1.48283172      -1.09388562E-14   9.76379791E-15
  -1.47654855      -1.01522625E-14   8.90829972E-15
  -1.47026539      -8.37525511E-15   7.09532395E-15
  -1.46398222      -5.39147991E-15   4.36998358E-15
  -1.45769894      -1.64371646E-15   7.63680670E-16
  -1.45141578       2.69411958E-15  -3.15272863E-15
  -1.44513261       7.31966571E-15  -7.32886618E-15
  -1.43884945       1.15357180E-14  -1.11415512E-14
  -1.43256629       1.52164692E-14  -1.41761738E-14
  -1.42628300       1.76253292E-14  -1.62232254E-14
  -1.41999984       1.84686623E-14  -1.66075480E-14
  -1.41371667       1.76041771E-14  -1.54173684E-14
  -1.40743351       1.45899663E-14  -1.23884667E-14
  -1.40115035       9.79928182E-15  -7.57776173E-15
  -1.39486718       3.20927104E-15  -1.43367145E-15
  -1.38858390      -4.63856248E-15   5.88337057E-15
  -1.38230073      -1.30694880E-14   1.34544577E-14
  -1.37601757      -2.15645339E-14   2.07886754E-14
  -1.36973441      -2.88897121E-14   2.70005711E-14
  -1.36345124      -3.45383580E-14   3.11048252E-14
  -1.35716808      -3.74159796E-14   3.27299629E-14
  -1.35088480      -3.67522785E-14   3.07896680E-14
  -1.34460163      -3.23817104E-14   2.52679550E-14
  -1.33831847      -2.35330825E-14   1.60046909E-14
  -1.33203530      -1.07922907E-14   2.96065290E-15
  -1.32575214       5.51975966E-15  -1.26949944E-14
  -1.31946886       2.46764957E-14  -3.04676260E-14
  -1.31318569       4.49338442E-14  -4.86729729E-14
  -1.30690253       6.51526088E-14  -6.56430476E-14
  -1.30061936       8.29930742E-14  -7.97507134E-14
  -1.29433620       9.66271198E-14  -8.86134021E-14
  -1.28805304       1.03961761E-13  -9.08368975E-14
  -1.28176975       1.02831697E-13  -8.42999715E-14
  -1.27548659       9.20948566E-14  -6.80729344E-14
  -1.26920342       7.00699535E-14  -4.14776720E-14
  -1.26292026       3.68599330E-14  -4.27508709E-15
  -1.25663710      -7.39168045E-15   4.19939962E-14
  -1.25035393      -6.14777868E-14   9.60550541E-14
  -1.24407065      -1.22605078E-13   1.54567277E-13
  -1.23778749      -1.88031882E-13   2.13795398E-13
  -1.23150432      -2.52909889E-13   2.69286275E-13
  -1.22522116      -3.12368729E-13   3.15139733E-13
  -1.21893799      -3.60733578E-13   3.46096632E-13
  -1.21265471      -3.91470927E-13   3.55913866E-13
  -1.20637155      -3.98778612E-13   3.38933959E-13
  -1.20008838      -3.76594697E-13   2.90404853E-13
  -1.19380522      -3.19833353E-13   2.06346496E-13
  -1.18752205      -2.24678132E-13   8.46694947E-14
  -1.18123889      -8.89095519E-14  -7.46970574E-14
  -1.17495561       8.75957835E-14  -2.69240305E-13
  -1.16867244       3.02461832E-13  -4.93673245E-13
  -1.16238928       5.50296787E-13  -7.39419485E-13
  -1.15610611       8.22796041E-13  -9.94421776E-13
  -1.14982295       1.10835625E-12  -1.24326569E-12
  -1.14353979       1.39188357E-12  -1.46729590E-12
  -1.13725650       1.65481561E-12  -1.64397966E-12
  -1.13097334       1.87615461E-12  -1.74826993E-12
  -1.12469018       2.03107062E-12  -1.75266225E-12
  -1.11840701       2.09206307E-12  -1.62660987E-12
  -1.11212385       2.02985372E-12  -1.33801021E-12
  -1.10584056       1.81122001E-12  -8.53540762E-13
  -1.09955740       1.39960678E-12  -1.36592994E-13
  -1.09327424       7.53403524E-13   8.51299066E-13
  -1.08699107      -1.80750814E-13   2.15319255E-12
  -1.08070791      -1.47665907E-12   3.82072065E-12
  -1.07442474      -3.25483477E-12   5.91465332E-12
  -1.06814146      -5.74704347E-12   8.50176179E-12
  -1.06185830      -9.49680612E-12   1.15763996E-11
  -1.05557513      -1.62092492E-11   1.44733010E-11
  -1.04929197      -3.52922205E-11   9.43192746E-12
  -1.04300880      -5.66102276E-10   5.06524545E-11
  -1.03672552       1.14847709E-09   3.12599724E-10
  -1.03044236      -6.27326746E-10  -1.09314646E-09
  -1.02415919      -1.77047682E-10   1.28386368E-09
  -1.01787603       1.02124842E-09  -9.49960111E-10
  -1.01159286      -1.46480161E-09   9.22745214E-11
  -1.00530970       1.26169453E-09   8.95563401E-10
 -0.999026477      -4.53434956E-10  -1.56856439E-09
 -0.992743254      -6.74774570E-10   1.59590363E-09
 -0.986460090       1.58911395E-09  -8.63454419E-10
 -0.980176926      -1.89448657E-09  -3.20245663E-10
 -0.973893702       1.33584188E-09   1.51094715E-09
 -0.967610538      -1.39779410E-10  -2.10801243E-09
 -0.961327374      -1.26869382E-09   1.84324889E-09
 -0.955044150       2.22392771E-09  -6.98562097E-10
 -0.948760986      -2.30609620E-09  -8.44154080E-10
 -0.942477822       1.36043443E-09   2.18254370E-09
 -0.936194599       2.54119281E-10  -2.67496914E-09
 -0.929911435      -1.91465466E-09   2.06318074E-09
 -0.923628211       2.89363467E-09  -5.04311259E-10
 -0.917345047      -2.72386647E-09  -1.40152689E-09
 -0.911061883       1.39397738E-09   2.87024804E-09
 -0.904778659       6.32619790E-10  -3.26324034E-09
 -0.898495495      -2.54276022E-09   2.32456587E-09
 -0.892212331       3.56378660E-09  -3.76014442E-10
 -0.885929108      -3.19663407E-09  -1.87702565E-09
 -0.879645944       1.53456670E-09   3.51341711E-09
 -0.873362780       8.57374394E-10  -3.87221455E-09
 -0.867079556      -3.04514503E-09   2.71753198E-09
 -0.860796392       4.18400514E-09  -4.51236049E-10
 -0.854513228      -3.76767639E-09  -2.11828222E-09
 -0.848230004       1.90417460E-09   4.00512823E-09
 -0.841946840       7.62561014E-10  -4.47820270E-09
 -0.835663676      -3.25942473E-09   3.30986083E-09
 -0.829380453       4.65559591E-09  -8.81865025E-10
 -0.823097289      -4.42026638E-09  -1.94485605E-09
 -0.816814065       2.59328337E-09   4.16923474E-09
 -0.810530901       1.89660440E-10  -4.97664265E-09
 -0.804247737      -2.97657854E-09   4.07863299E-09
 -0.797964513       4.78723106E-09  -1.75781123E-09
 -0.791681349      -5.01042408E-09  -1.18506460E-09
 -0.785398185       3.55953667E-09   3.76823772E-09
 -0.779114962      -9.32806166E-10  -5.12438270E-09
 -0.772831798      -2.00358086E-09   4.82497864E-09
 -0.766548634       4.29292335E-09  -2.98475644E-09
 -0.760265410      -5.21641930E-09   2.17455443E-10
 -0.753982246       4.51593785E-09   2.58540744E-09
 -0.747699022      -2.44650744E-09  -4.55932270E-09
 -0.741415858      -3.13142900E-10   5.12237719E-09
 -0.735132694       2.91597235E-09  -4.16170032E-09
 -0.728849471      -4.59200056E-09   2.01620409E-09
 -0.722566307       4.90052354E-09   6.29759134E-10
 -0.716283143      -3.81651377E-09  -2.99708880E-09
 -0.709999919       1.72661263E-09   4.42868098E-09
 -0.703716755       7.28922367E-10  -4.58487914E-09
 -0.697433591      -2.85235746E-09   3.50655860E-09
 -0.691150367       4.09338785E-09  -1.57269597E-09
 -0.684867203      -4.19242330E-09  -6.33204655E-10
 -0.678584039       3.21728688E-09   2.51236765E-09
 -0.672300816      -1.52177515E-09  -3.60451313E-09
 -0.666017652      -3.92603838E-10   3.71198716E-09
 -0.659734488       2.01550110E-09  -2.90941005E-09
 -0.653451264      -2.97702929E-09   1.50591140E-09
 -0.647168100       3.11941939E-09   7.65832397E-11
 -0.640884876      -2.52010102E-09  -1.42163636E-09
 -0.634601712       1.43654755E-09   2.23238228E-09
 -0.628318548      -2.14927298E-10  -2.39524134E-09
 -0.622035325      -8.13232592E-10   1.98192796E-09
 -0.615752161       1.42391077E-09  -1.21191945E-09
 -0.609468997      -1.54204116E-09   3.62126773E-10
 -0.603185773       1.25042909E-09   3.08696291E-10
 -0.596902609      -7.38459072E-10  -6.43990195E-10
 -0.590619445       2.39851250E-10   6.15297147E-10
 -0.584336221       5.01428690E-11  -3.26791483E-10
 -0.578053057      -3.08435499E-11  -3.25504068E-11
 -0.571769834      -2.71663136E-10   2.52973642E-10
 -0.565486670       7.13745951E-10  -1.73297821E-10
 -0.559203506      -1.07983489E-09  -2.57175836E-10
 -0.552920282       1.14721943E-09   9.60426405E-10
 -0.546637118      -7.63662911E-10  -1.73116632E-09
 -0.540353954      -9.67455144E-11   2.29676300E-09
 -0.534070730       1.29994127E-09  -2.38214293E-09
 -0.527787566      -2.56734722E-09   1.80450210E-09
 -0.521504402       3.52895113E-09  -5.40229361E-10
 -0.515221179      -3.81569976E-09  -1.23041421E-09
 -0.508938015       3.16804893E-09   3.13115089E-09
 -0.502654791      -1.53642599E-09  -4.65833061E-09
 -0.496371627      -8.52629856E-10   5.29042943E-09
 -0.490088463       3.49680640E-09  -4.64769112E-09
 -0.483805269      -5.69589442E-09   2.62971644E-09
 -0.477522075       6.71482114E-09   4.67679284E-10
 -0.471238911      -6.00381256E-09  -3.94934085E-09
 -0.464955717       3.42759376E-09   6.82473189E-09
 -0.458672523       5.69419567E-10  -8.06172018E-09
 -0.452389330      -4.95042363E-09   6.93304081E-09
 -0.446106166       8.28605362E-09  -3.36994410E-09
 -0.439822972      -9.18391496E-09  -1.80431892E-09
 -0.433539778       6.85865809E-09   6.94373581E-09
 -0.427256614      -1.65134306E-09  -1.00071675E-08
 -0.420973420      -4.77239626E-09   9.36224787E-09
 -0.414690226       9.80074510E-09  -4.66239047E-09
 -0.408407032      -1.08755343E-08  -2.57387356E-09
 -0.402123868       6.85329127E-09   9.20514420E-09
 -0.395840675       9.53390256E-10  -1.17130687E-08
 -0.389557481      -8.82075391E-09   8.13738943E-09
 -0.383274287       1.22219328E-08   2.81198204E-10
 -0.376991123      -8.51686011E-09  -9.04432618E-09
 -0.370707929      -7.71191111E-10   1.25687869E-08
 -0.364424735       9.99568250E-09  -7.89520982E-09
 -0.358141571      -1.26078312E-08  -2.51717602E-09
 -0.351858377       6.02533712E-09   1.14610064E-08
 -0.345575184       5.42196021E-09  -1.18344774E-08
 -0.339292020      -1.27933744E-08   2.64424083E-09
 -0.333008826       9.51463441E-09   8.98489017E-09
 -0.326725632       2.20173590E-09  -1.29010722E-08
 -0.320442438      -1.20572876E-08   5.05105735E-09
 -0.314159274       1.05355031E-08   7.68200792E-09
 -0.307876080       1.37890355E-09  -1.29107169E-08
 -0.301592886      -1.19115962E-08   5.00243758E-09
 -0.295309722       9.91462645E-09   8.16324697E-09
 -0.289026529       2.81604318E-09  -1.24323707E-08
 -0.282743335      -1.23208581E-08   2.83670443E-09
 -0.276460141       7.66878827E-09   9.91517624E-09
 -0.270176977       5.91552052E-09  -1.09139249E-08
 -0.263893783      -1.22255388E-08  -1.17413412E-09
 -0.257610589       3.48752205E-09   1.16353744E-08
 -0.251327395       9.45743750E-09  -7.40484962E-09
 -0.245044231      -1.01356950E-08  -6.17023099E-09
 -0.238761038      -2.31076225E-09   1.14789884E-08
 -0.232477859       1.14474936E-08  -1.59916991E-09
 -0.226194665      -5.11134779E-09  -1.02028217E-08
 -0.219911486      -7.99837174E-09   7.90537680E-09
 -0.213628307       9.80258896E-09   5.15310905E-09
 -0.207345113       2.01409578E-09  -1.07303828E-08
 -0.201061934      -1.06961844E-08   1.10629450E-09
 -0.194778740       3.96248501E-09   9.79391501E-09
 -0.188495561       8.19211277E-09  -6.36106146E-09
 -0.182212368      -8.15256751E-09  -6.09084561E-09
 -0.175929189      -3.69287090E-09   9.24451893E-09
 -0.169645995       9.60594626E-09   1.19769550E-09
 -0.163362816      -1.19963539E-09  -9.26552790E-09
 -0.157079637      -8.30661051E-09   3.29758665E-09
 -0.150796443       4.89006435E-09   6.84343382E-09
 -0.144513264       5.02232744E-09  -5.81755399E-09
 -0.138230085      -6.01167516E-09  -3.07549808E-09
 -0.131946892      -1.31571165E-09   5.49819923E-09
 -0.125663713       4.43377646E-09   1.22302056E-11
 -0.119380519      -7.22569948E-10  -3.12920245E-09
 -0.113097340      -1.92415195E-09   9.53089718E-10
 -0.106814153       8.63295602E-10   1.02542796E-09
 -0.100530960       4.70086470E-10  -6.42166265E-10
  -9.42477807E-02  -4.09144718E-10  -1.78877108E-10
  -8.79645869E-02  -4.18850232E-11   2.25691452E-10
  -8.16814080E-02   1.13522004E-10  -1.37772944E-11
  -7.53982216E-02  -2.28457270E-11  -5.67165828E-11
  -6.91150427E-02  -2.53169343E-11   1.18496940E-11
  -6.28318489E-02   8.55183274E-13   1.67870253E-12
  -5.65486699E-02  -1.88457279E-12   1.24254231E-12
  -5.02654798E-02  -1.52635998E-12   1.09642471E-12
  -4.39823009E-02  -1.10013084E-12   1.07817032E-12
  -3.76991108E-02  -6.94321445E-13   1.05082902E-12
  -3.14159282E-02  -3.33337145E-13   9.77436231E-13
  -2.51327399E-02  -2.81435726E-14   8.52962341E-13
  -1.88495591E-02   2.14594361E-13   6.82510743E-13
  -1.25663700E-02   3.90684474E-13   4.75855304E-13
  -6.28319010E-03   4.97446431E-13   2.44148180E-13
