901
omega		real			imaginary
0.00000000	-1.24269387e-06		0.00000000e+00
0.00348678	1.23416988e-06		-5.56933975e-07
0.00697357	-1.18158358e-06		1.13024153e-06
0.01046035	1.01560588e-06		-1.69970264e-06
0.01394714	-6.56103086e-07		2.18711889e-06
0.01743392	5.35305780e-08		-2.46051243e-06
0.02092071	7.73285244e-07		2.36598873e-06
0.02440749	-1.71632349e-06		-1.77996748e-06
0.02789427	2.58388847e-06		6.66768435e-07
0.03138106	-3.13498832e-06		8.77161882e-07
0.03486784	3.13699870e-06		-2.60946674e-06
0.03835463	-2.43379052e-06		4.16877423e-06
0.04184141	1.00703417e-06		-5.14200137e-06
0.04532820	9.86962750e-07		5.16028074e-06
0.04881498	-3.21839878e-06		-4.00225799e-06
0.05230176	5.22871031e-06		1.67879008e-06
0.05578855	-6.51447261e-06		1.52529408e-06
0.05927533	6.63615936e-06		-5.06867514e-06
0.06276212	-5.33003312e-06		8.23371390e-06
0.06624890	2.59838696e-06		-1.02579559e-05
0.06973569	1.24434618e-06		1.04923788e-05
0.07322247	-5.58463018e-06		-8.55341731e-06
0.07670925	9.58571586e-06		4.43455781e-06
0.08019604	-1.23171888e-05		1.45016212e-06
0.08368282	1.29171599e-05		-8.30524096e-06
0.08716961	-1.07579003e-05		1.50728288e-05
0.09065639	5.58304671e-06		-2.06121007e-05
0.09414318	2.41187409e-06		2.39055888e-05
0.09762996	-1.25744412e-05		-2.42524016e-05
0.10111674	2.38711685e-05		2.14098363e-05
0.10460353	-3.50344141e-05		-1.56545564e-05
0.10809031	4.47569282e-05		7.75021975e-06
0.11157710	-5.19009703e-05		1.17316594e-06
0.11506388	5.56853093e-05		-9.80571508e-06
0.11855067	-5.58165769e-05		1.68751421e-05
0.12203745	5.25408708e-05		-2.13552881e-05
0.12552423	-4.66054799e-05		2.26286530e-05
0.12901102	3.91365416e-05		-2.05759181e-05
0.13249780	-3.14534084e-05		1.55801835e-05
0.13598459	2.48517307e-05		-8.44982362e-06
0.13947137	-2.03927262e-05		2.78124246e-07
0.14295816	1.87348307e-05		7.73249966e-06
0.14644494	-2.00361989e-05		-1.44503893e-05
0.14993172	2.39437990e-05		1.89699776e-05
0.15341851	-2.96694685e-05		-2.07214912e-05
0.15690529	3.61380531e-05		1.95242472e-05
0.16039208	-4.21803734e-05		-1.55833444e-05
0.16387886	4.67364113e-05		9.43821307e-06
0.16736565	-4.90330207e-05		-1.87686177e-06
0.17085243	4.87057437e-05		-6.16863586e-06
0.17433921	-4.58448962e-05		1.37312420e-05
0.17782600	4.09600115e-05		-1.99116900e-05
0.18131278	-3.48714468e-05		2.39675221e-05
0.18479957	2.85508047e-05		-2.53839450e-05
0.18828635	-2.29405323e-05		2.39234915e-05
0.19177314	1.87861095e-05		-1.96517140e-05
0.19525992	-1.65111538e-05		1.29358470e-05
0.19874671	1.61571998e-05		-4.41359060e-06
0.20223349	-1.73974792e-05		-5.06922186e-06
0.20572027	1.96200632e-05		1.45498884e-05
0.20920706	-2.20628301e-05		-2.30619145e-05
0.21269384	2.39732636e-05		2.97573478e-05
0.21618063	-2.47618203e-05		-3.40213656e-05
0.21966741	2.41192872e-05		3.55602019e-05
0.22315420	-2.20758357e-05		-3.44452685e-05
0.22664098	1.89909677e-05		3.11021161e-05
0.23012776	-1.54770255e-05		-2.62419982e-05
0.23361455	1.22718376e-05		2.07446028e-05
0.23710133	-1.00859006e-05		-1.55107171e-05
0.24058812	9.45437493e-06		1.13107907e-05
0.24407490	-1.06231551e-05		-8.65765233e-06
0.24756169	1.34915587e-05		7.72811353e-06
0.25104847	-1.76230816e-05		-8.34923503e-06
0.25453525	2.23223447e-05		1.00523254e-05
0.25802204	-2.67634241e-05		-1.21839180e-05
0.26150882	3.01447349e-05		1.40510412e-05
0.26499561	-3.18404925e-05		-1.50707636e-05
0.26848239	3.15194942e-05		1.48929841e-05
0.27196918	-2.92083899e-05		-1.34711049e-05
0.27545596	2.52874467e-05		1.10664011e-05
0.27894274	-2.04199081e-05		-8.18615310e-06
0.28242953	1.54288137e-05		5.46981005e-06
0.28591631	-1.11450775e-05		-3.54843147e-06
0.28940310	8.25581828e-06		2.90801501e-06
0.29288988	-7.18143629e-06		-3.78590422e-06
0.29637667	8.00393802e-06		6.12169235e-06
0.29986345	-1.04588053e-05		-9.57172750e-06
0.30335023	1.39903703e-05		1.35823156e-05
0.30683702	-1.78586621e-05		-1.75041732e-05
0.31032380	2.12763641e-05		2.07223633e-05
0.31381059	-2.35495963e-05		-2.27735889e-05
0.31729737	2.41965293e-05		2.34266454e-05
0.32078416	-2.30230824e-05		-2.27109397e-05
0.32427094	2.01439378e-05		2.08900167e-05
0.32775772	-1.59479019e-05		-1.83891597e-05
0.33124451	1.10170601e-05		1.56956096e-05
0.33473129	-6.01721138e-06		-1.32547716e-05
0.33821808	1.58128743e-06		1.13850843e-05
0.34170486	1.79272901e-06		-1.02284857e-05
0.34519165	-3.81214957e-06		9.74422215e-06
0.34867843	4.41820698e-06		-9.74342475e-06
0.35216521	-3.77157209e-06		9.95287364e-06
0.35565200	2.20151578e-06		-1.00906843e-05
0.35913878	-1.31603470e-07		9.93537964e-06
0.36262557	-2.00210424e-06		-9.37295462e-06
0.36611235	3.82466851e-06		8.41304015e-06
0.36959914	-5.07533170e-06		-7.17335913e-06
0.37308592	5.63299402e-06		5.83929140e-06
0.37657270	-5.51319717e-06		-4.61074229e-06
0.38005949	4.84127186e-06		3.65051110e-06
0.38354627	-3.81025969e-06		-3.04675167e-06
0.38703306	2.63394481e-06		2.79756958e-06
0.39051984	-1.50474544e-06		-2.81964439e-06
0.39400663	5.63733435e-07		2.97663640e-06
0.39749341	1.13558607e-07		-3.11854776e-06
0.40098019	-5.15706240e-07		3.12118050e-06
0.40446698	6.81691409e-07		-2.91568327e-06
0.40795376	-6.80244681e-07		2.50147600e-06
0.41144055	5.88032292e-07		-1.94057912e-06
0.41492733	-4.71617974e-07		1.33625081e-06
0.41841412	3.76309877e-07		-8.02609263e-07
0.42190090	-3.22802591e-07		4.33712126e-07
0.42538768	3.10517502e-07		-2.80069454e-07
0.42887447	-3.25175657e-07		3.38071339e-07
0.43236125	3.47630794e-07		-5.54098774e-07
0.43584804	-3.61326499e-07		8.41192154e-07
0.43933482	3.56693564e-07		-1.10308712e-06
0.44282161	-3.32021867e-07		1.25891853e-06
0.44630839	2.91457985e-07		-1.26221635e-06
0.44979517	-2.41507362e-07		1.10975643e-06
0.45328196	1.87615334e-07		-8.38768398e-07
0.45676874	-1.32086990e-07		5.14110283e-07
0.46025553	7.39439720e-08		-2.09479078e-07
0.46374231	-1.05484926e-08		-1.20510310e-08
0.46722910	-5.98033253e-08		1.13112232e-07
0.47071588	1.35425036e-07		-8.92312110e-08
0.47420266	-2.09945615e-07		-3.30658498e-08
0.47768945	2.72783769e-07		2.05961476e-07
0.48117623	-3.11389269e-07		-3.74665746e-07
0.48466302	3.14649229e-07		4.92203080e-07
0.48814980	-2.76448529e-07		-5.30748318e-07
0.49163659	1.98277055e-07		4.86833584e-07
0.49512337	-9.00163341e-08		-3.79597326e-07
0.49861015	-3.14598740e-08		2.43168596e-07
0.50209694	1.45620581e-07		-1.15755342e-07
0.50558372	-2.32745567e-07		2.86751601e-08
0.50907051	2.78391338e-07		1.68773680e-09
0.51255729	-2.76698866e-07		2.29444713e-08
0.51604408	2.31680655e-07		-8.48986652e-08
0.51953086	-1.56149851e-07		1.56998258e-07
0.52301764	6.85661074e-08		-2.11168519e-07
0.52650443	1.13937918e-08		2.26634927e-07
0.52999121	-6.74184585e-08		-1.95455218e-07
0.53347800	9.01593131e-08		1.24030828e-07
0.53696478	-7.89836588e-08		-3.04570118e-08
0.54045157	4.15176701e-08		-6.12624480e-08
0.54393835	8.81362799e-09		1.28308393e-07
0.54742513	-5.65419224e-08		-1.55379533e-07
0.55091192	8.81990502e-08		1.38547377e-07
0.55439870	-9.56114709e-08		-8.57173080e-08
0.55788549	7.76480448e-08		1.37840715e-08
0.56137227	-4.00579470e-08		5.65168767e-08
0.56485906	-6.45557308e-09		-1.06485606e-07
0.56834584	4.93322839e-08		1.24385727e-07
0.57183263	-7.75571810e-08		-1.08121703e-07
0.57531941	8.44678746e-08		6.50745358e-08
0.57880619	-6.92690664e-08		-9.33468267e-09
0.58229298	3.69299230e-08		-4.27198120e-08
0.58577976	3.42017613e-09		7.71538215e-08
0.58926655	-4.10951869e-08		-8.61722556e-08
0.59275333	6.67179562e-08		6.98214207e-08
0.59624012	-7.45816604e-08		-3.53570913e-08
0.59972690	6.39154632e-08		-5.37917169e-09
0.60321368	-3.87839914e-08		3.96950231e-08
0.60670047	6.72570467e-09		-5.77574961e-08
0.61018725	2.34374321e-08		5.52240865e-08
0.61367404	-4.39917818e-08		-3.41159841e-08
0.61716082	5.02807762e-08		1.79926623e-09
0.62064761	-4.17211511e-08		3.15112330e-08
0.62413439	2.16743332e-08		-5.59137434e-08
0.62762117	3.72111396e-09		6.46943962e-08
0.63110796	-2.73782816e-08		-5.61023787e-08
0.63459474	4.32194556e-08		3.35773152e-08
0.63808153	-4.77274995e-08		-4.45284459e-09
0.64156831	4.06984697e-08		-2.24014092e-08
0.64505510	-2.50434063e-08		3.92566189e-08
0.64854188	5.75531897e-09		-4.17261851e-08
0.65202866	1.16215477e-08		2.98781013e-08
0.65551545	-2.25669134e-08		-7.99225441e-09
0.65900223	2.47657978e-08		-1.68972221e-08
0.66248902	-1.85925907e-08		3.71898743e-08
0.66597580	6.80586176e-09		-4.69655763e-08
0.66946259	6.41265158e-09		4.36349249e-08
0.67294937	-1.67652035e-08		-2.85434275e-08
0.67643615	2.11011705e-08		6.40445380e-09
0.67992294	-1.82789117e-08		1.62189186e-08
0.68340972	9.40079982e-09		-3.28982494e-08
0.68689651	2.61527202e-09		3.91934952e-08
0.69038329	-1.39741971e-08		-3.38454398e-08
0.69387008	2.11597359e-08		1.89924297e-08
0.69735686	-2.19667452e-08		6.05832615e-10
0.70084364	1.61172846e-08		-1.90664757e-08
0.70433043	-5.29858066e-09		3.11362512e-08
0.70781721	-7.36810511e-09		-3.36794748e-08
0.71130400	1.82567302e-08		2.64823336e-08
0.71479078	-2.42855370e-08		-1.21720957e-08
0.71827757	2.37831471e-08		-4.68446330e-09
0.72176435	-1.69311391e-08		1.90039979e-08
0.72525113	5.67073806e-09		-2.66937429e-08
0.72873792	6.88327956e-09		2.58009266e-08
0.73222470	-1.73405106e-08		-1.69861314e-08
0.73571149	2.29818289e-08		3.21285711e-09
0.73919827	-2.24876377e-08		1.12218221e-08
0.74268506	1.62507905e-08		-2.20043589e-08
0.74617184	-6.20143935e-09		2.60706313e-08
0.74965862	-4.78889823e-09		-2.24535837e-08
0.75314541	1.37408045e-08		1.24828323e-08
0.75663219	-1.83947381e-08		6.95204570e-10
0.76011898	1.78008746e-08		-1.31088805e-08
0.76360576	-1.25150074e-08		2.11546644e-08
0.76709255	4.36204276e-09		-2.26361635e-08
0.77057933	4.14737423e-09		1.73520763e-08
0.77406611	-1.05665607e-08		-7.07959887e-09
0.77755290	1.32082193e-08		-5.01803336e-09
0.78103968	-1.15892886e-08		1.53646822e-08
0.78452647	6.50834800e-09		-2.10268729e-08
0.78801325	2.51399078e-10		2.05413524e-08
0.79150004	-6.49267679e-09		-1.42828195e-08
0.79498682	1.02723265e-08		4.28295498e-09
0.79847360	-1.04694511e-08		6.42495836e-09
0.80196039	7.09172912e-09		-1.47264308e-08
0.80544717	-1.23944894e-09		1.83329316e-08
0.80893396	-5.25129488e-09		-1.64124234e-08
0.81242074	1.03723687e-08		9.77080165e-09
0.81590753	-1.25438173e-08		-5.49362118e-10
0.81939431	1.10744195e-08		-8.45422934e-09
0.82288109	-6.35197452e-09		1.46285142e-08
0.82636788	-2.85307537e-10		-1.63021270e-08
0.82985466	6.95123012e-09		1.31925331e-08
0.83334145	-1.17646902e-08		-6.43070119e-09
0.83682823	1.33899202e-08		-1.82873675e-09
0.84031502	-1.14083700e-08		9.08153696e-09
0.84380180	6.41933780e-09		-1.32237402e-08
0.84728858	1.52671683e-10		1.31548340e-08
0.85077537	-6.48089860e-09		-9.06299924e-09
0.85426215	1.08621296e-08		2.32078977e-09
0.85774894	-1.21919220e-08		4.96361203e-09
0.86123572	1.02547738e-08		-1.05951586e-08
0.86472251	-5.75190634e-09		1.29429582e-08
0.86820929	6.70773194e-11		-1.14022860e-08
0.87169607	5.15381292e-09		6.53859092e-09
0.87518286	-8.48232285e-09		1.17664926e-10
0.87866964	9.10624278e-09		-6.55301381e-09
0.88215643	-7.03533604e-09		1.08788625e-08
0.88564321	3.06129787e-09		-1.18825974e-08
0.88913000	1.50788488e-09		9.36219322e-09
0.89261678	-5.25411697e-09		-4.15351593e-09
0.89610356	7.07265207e-09		-2.14736457e-09
0.89959035	-6.48834610e-09		7.67528742e-09
0.90307713	3.77532901e-09		-1.08495977e-08
0.90656392	1.49109385e-10		1.08261231e-08
0.91005070	-4.01860647e-09		-7.71874758e-09
0.91353749	6.60785053e-09		2.53360695e-09
0.91702427	-7.10103436e-09		3.15504376e-09
0.92051105	5.33030464e-09		-7.68365307e-09
0.92399784	-1.81674900e-09		9.78754413e-09
0.92748462	-2.39389850e-09		-8.95535164e-09
0.93097141	6.04815624e-09		5.55070815e-09
0.93445819	-8.05797937e-09		-6.73709268e-10
0.93794498	7.81948435e-09		-4.18816986e-09
0.94143176	-5.38478663e-09		7.61007810e-09
0.94491855	1.43946553e-09		-8.64529316e-09
0.94840533	2.90401615e-09		7.08558496e-09
0.95189211	-6.43311273e-09		-3.49543719e-09
0.95537890	8.18473183e-09		-9.82090694e-10
0.95886568	-7.71556616e-09		4.98296669e-09
0.96235247	5.21664635e-09		-7.33254590e-09
0.96583925	-1.44262545e-09		7.38619323e-09
0.96932604	-2.51914445e-09		-5.20225133e-09
0.97281282	5.56875859e-09		1.50195989e-09
0.97629960	-6.90803696e-09		2.56492958e-09
0.97978639	6.25804913e-09		-5.77355860e-09
0.98327317	-3.91959869e-09		7.18851229e-09
0.98675996	6.63768307e-10		-6.43180261e-09
0.99024674	2.51046027e-09		3.77838198e-09
0.99373353	-4.67671757e-09		-5.63916177e-11
0.99722031	5.25019746e-09		-3.61252399e-09
1.00070709	-4.14712238e-09		6.15158768e-09
1.00419388	1.79110500e-09		-6.84408790e-09
1.00768066	1.03099405e-09		5.53350220e-09
1.01116745	-3.41685304e-09		-2.65327741e-09
1.01465423	4.62391773e-09		-9.17281007e-10
1.01814102	-4.28970560e-09		4.12340875e-09
1.02162780	2.53309343e-09		-6.04838898e-09
1.02511458	9.07568302e-11		6.17692721e-09
1.02860137	-2.76521466e-09		-4.53277938e-09
1.03208815	4.66206479e-09		1.65427678e-09
1.03557494	-5.19071979e-09		1.57991450e-09
1.03906172	4.17278562e-09		-4.21892462e-09
1.04254851	-1.89157047e-09		5.52006365e-09
1.04603529	-9.95922470e-10		-5.15883749e-09
1.04952207	3.65614020e-09		3.30928213e-09
1.05300886	-5.32525382e-09		-5.75287878e-10
1.05649564	5.53125010e-09		-2.20202051e-09
1.05998243	-4.22708312e-09		4.20016167e-09
1.06346921	1.79755275e-09		-4.85709452e-09
1.06695600	1.05960121e-09		4.02821059e-09
1.07044278	-3.54103262e-09		-2.01500979e-09
1.07392956	4.97109941e-09		-5.38890555e-10
1.07741635	-4.99249797e-09		2.84954287e-09
1.08090313	3.65965877e-09		-4.22964627e-09
1.08438992	-1.41012022e-09		4.28966490e-09
1.08787670	-1.07454965e-09		-3.04478541e-09
1.09136349	3.07463314e-09		8.98946760e-10
1.09485027	-4.04282264e-09		1.48570598e-09
1.09833705	3.75759131e-09		-3.39204956e-09
1.10182384	-2.37596075e-09		4.26180123e-09
1.10531062	3.73033819e-10		-3.85653412e-09
1.10879741	1.61060541e-09		2.31990546e-09
1.11228419	-2.96586335e-09		-1.25554466e-10
1.11577098	3.29683819e-09		-2.07075050e-09
1.11925776	-2.53366567e-09		3.62848592e-09
1.12274454	9.44700610e-10		-4.10980690e-09
1.12623133	9.53092702e-10		3.40223411e-09
1.12971811	-2.55637527e-09		-1.74242766e-09
1.13320490	3.36019089e-09		-3.63039064e-10
1.13669168	-3.10955720e-09		2.29360439e-09
1.14017847	1.87327705e-09		-3.49929318e-09
1.14366525	-1.94420199e-11		3.65892387e-09
1.14715203	-1.89823486e-09		-2.76634767e-09
1.15063882	3.30779275e-09		1.12166023e-09
1.15412560	-3.78938553e-09		7.67038328e-10
1.15761239	3.19802140e-09		-2.33963912e-09
1.16109917	-1.70317356e-09		3.15008640e-09
1.16458596	-2.64933958e-10		-2.99334948e-09
1.16807274	2.14476208e-09		1.95719926e-09
1.17155952	-3.40900630e-09		-3.85965437e-10
1.17504631	3.71682997e-09		-1.23020672e-09
1.17853309	-3.00834905e-09		2.40553439e-09
1.18201988	1.51494653e-09		-2.80260058e-09
1.18550666	3.15602769e-10		2.32780780e-09
1.18899345	-1.95510416e-09		-1.15155062e-09
1.19248023	2.95051749e-09		-3.50562176e-10
1.19596701	-3.05291537e-09		1.71565234e-09
1.19945380	2.28265484e-09		-2.53399385e-09
1.20294058	-9.13401637e-10		2.56965743e-09
1.20642737	-6.17911364e-10		-1.82621034e-09
1.20991415	1.84639241e-09		5.39575548e-10
1.21340094	-2.41834474e-09		8.97790014e-10
1.21688772	2.19283816e-09		-2.05705217e-09
1.22037450	-1.27656642e-09		2.60073647e-09
1.22386129	-1.65034422e-11		-2.38009692e-09
1.22734807	1.26654641e-09		1.47421574e-09
1.23083486	-2.07836588e-09		-1.60927531e-10
1.23432164	2.20109142e-09		-1.16994143e-09
1.23780843	-1.60144537e-09		2.13382035e-09
1.24129521	4.69687397e-10		-2.46373422e-09
1.24478199	8.42018898e-10		2.08483055e-09
1.24826878	-1.92885017e-09		-1.13030499e-09
1.25175556	2.45642102e-09		-1.04173276e-10
1.25524235	-2.26058507e-09		1.25222964e-09
1.25872913	1.39456192e-09		-1.98629992e-09
1.26221592	-1.10372714e-10		2.11210261e-09
1.26570270	-1.21856370e-09		-1.62074162e-09
1.26918948	2.20944873e-09		6.84477033e-10
1.27267627	-2.58275350e-09		4.00726685e-10
1.27616305	2.24210186e-09		-1.30714556e-09
1.27964984	-1.29849574e-09		1.77341097e-09
1.28313662	3.30506925e-11		-1.67955762e-09
1.28662341	1.18921757e-09		1.07753733e-09
1.29011019	-2.02783198e-09		-1.69616165e-10
1.29359698	2.26491674e-09		-7.57229189e-10
1.29708376	-1.86424728e-09		1.41999716e-09
1.30057054	9.75020608e-10		-1.62431219e-09
1.30405733	1.19054173e-10		1.31996733e-09
1.30754411	-1.08852937e-09		-6.11713297e-10
1.31103090	1.65729278e-09		-2.76561021e-10
1.31451768	-1.68215608e-09		1.07218828e-09
1.31800447	1.18990000e-09		-1.53663802e-09
1.32149125	-3.62137106e-10		1.53592148e-09
1.32497803	-5.25740286e-10		-1.07788467e-09
1.32846482	1.19169805e-09		3.06246669e-10
1.33195160	-1.43323469e-09		5.45595543e-10
1.33543839	1.18665111e-09		-1.22610121e-09
1.33892517	-5.42342608e-10		1.54047336e-09
1.34241196	-2.87212827e-10		-1.40657336e-09
1.34589874	1.03573966e-09		8.75843379e-10
1.34938552	-1.46606154e-09		-1.14097591e-10
1.35287231	1.44213728e-09		-6.50880586e-10
1.35635909	-9.68732216e-10		1.19835553e-09
1.35984588	1.87559802e-10		-1.37927899e-09
1.36333266	6.67853162e-10		1.15753220e-09
1.36681945	-1.34395079e-09		-6.16321680e-10
1.37030623	1.64332602e-09		-7.09808838e-11
1.37379301	-1.48231687e-09		6.95657838e-10
1.37727980	9.13259152e-10		-1.07691504e-09
1.38076658	-1.05712144e-10		1.11445444e-09
1.38425337	-7.06558874e-10		-8.15047215e-10
1.38774015	1.29599916e-09		2.86098578e-10
1.39122694	-1.50754213e-09		3.00685151e-10
1.39471372	1.30113627e-09		-7.63562842e-10
1.39820050	-7.58672404e-10		9.66019419e-10
1.40168729	5.45390098e-11		-8.56358505e-10
1.40517407	6.00024329e-10		4.80240685e-10
1.40866086	-1.02109899e-09		3.66863456e-11
1.41214764	1.10519541e-09		-5.29802685e-10
1.41563443	-8.55782679e-10		8.46977678e-10
1.41912121	3.76351743e-10		-8.94549684e-10
1.42260799	1.66469359e-10		6.64065876e-10
1.42609478	-5.97269038e-10		-2.32287158e-10
1.42958156	7.86359232e-10		-2.64699561e-10
1.43306835	-6.87743504e-10		6.74595213e-10
1.43655513	3.49557867e-10		-8.75605615e-10
1.44004192	1.05138204e-10		8.12466869e-10
1.44352870	-5.20141535e-10		-5.11172475e-10
1.44701548	7.56676514e-10		6.85939588e-11
1.45050227	-7.36755912e-10		3.79063377e-10
1.45398905	4.66118806e-10		-6.98712440e-10
1.45747584	-3.03079454e-11		8.00486470e-10
1.46096262	-4.34014821e-10		-6.63365208e-10
1.46444941	7.82815273e-10		3.38995871e-10
1.46793619	-9.09451604e-10		6.67304509e-11
1.47142297	7.76565016e-10		-4.27971784e-10
1.47490976	-4.25657765e-10		6.38067447e-10
1.47839654	-3.78471800e-11		-6.41348637e-10
1.48188333	4.78598607e-10		4.48106278e-10
1.48537011	-7.73185281e-10		-1.28685290e-10
1.48885690	8.46669180e-10		-2.10756526e-10
1.49234368	-6.92725990e-10		4.62696285e-10
1.49583046	3.71861087e-10		-5.51860985e-10
1.49931725	1.07772421e-11		4.57567726e-10
1.50280403	-3.40150599e-10		-2.18174213e-10
1.50629082	5.27198228e-10		-8.31929953e-11
1.50977760	-5.34502730e-10		3.46578262e-10
1.51326439	3.84148945e-10		-4.87598973e-10
1.51675117	-1.46161437e-10		4.63944937e-10
1.52023795	-8.78106643e-11		-2.87736743e-10
1.52372474	2.36335622e-10		2.01768830e-11
1.52721152	-2.54919423e-10		2.49378581e-10
1.53069831	1.49030308e-10		-4.32899022e-10
1.53418509	3.03490846e-11		4.72103747e-10
1.53767188	-2.06531211e-10		-3.56747570e-10
1.54115866	3.05153806e-10		1.27083192e-10
1.54464544	-2.80740756e-10		1.40028321e-10
1.54813223	1.32816802e-10		-3.56640475e-10
1.55161901	9.37254394e-11		4.52490718e-10
1.55510580	-3.23935007e-10		-3.97688960e-10
1.55859258	4.78449455e-10		2.12055721e-10
1.56207937	-5.00718637e-10		4.17901432e-11
1.56556615	3.76583354e-10		-2.79229561e-10
1.56905293	-1.39609547e-10		4.21494462e-10
-1.56905293	-1.39609547e-10		-4.21494462e-10
-1.56556615	3.76583354e-10		2.79229561e-10
-1.56207937	-5.00718637e-10		-4.17901432e-11
-1.55859258	4.78449455e-10		-2.12055721e-10
-1.55510580	-3.23935007e-10		3.97688960e-10
-1.55161901	9.37254394e-11		-4.52490718e-10
-1.54813223	1.32816802e-10		3.56640475e-10
-1.54464544	-2.80740756e-10		-1.40028321e-10
-1.54115866	3.05153806e-10		-1.27083192e-10
-1.53767188	-2.06531211e-10		3.56747570e-10
-1.53418509	3.03490846e-11		-4.72103747e-10
-1.53069831	1.49030308e-10		4.32899022e-10
-1.52721152	-2.54919423e-10		-2.49378581e-10
-1.52372474	2.36335622e-10		-2.01768830e-11
-1.52023795	-8.78106643e-11		2.87736743e-10
-1.51675117	-1.46161437e-10		-4.63944937e-10
-1.51326439	3.84148945e-10		4.87598973e-10
-1.50977760	-5.34502730e-10		-3.46578262e-10
-1.50629082	5.27198228e-10		8.31929953e-11
-1.50280403	-3.40150599e-10		2.18174213e-10
-1.49931725	1.07772421e-11		-4.57567726e-10
-1.49583046	3.71861087e-10		5.51860985e-10
-1.49234368	-6.92725990e-10		-4.62696285e-10
-1.48885690	8.46669180e-10		2.10756526e-10
-1.48537011	-7.73185281e-10		1.28685290e-10
-1.48188333	4.78598607e-10		-4.48106278e-10
-1.47839654	-3.78471800e-11		6.41348637e-10
-1.47490976	-4.25657765e-10		-6.38067447e-10
-1.47142297	7.76565016e-10		4.27971784e-10
-1.46793619	-9.09451604e-10		-6.67304509e-11
-1.46444941	7.82815273e-10		-3.38995871e-10
-1.46096262	-4.34014821e-10		6.63365208e-10
-1.45747584	-3.03079454e-11		-8.00486470e-10
-1.45398905	4.66118806e-10		6.98712440e-10
-1.45050227	-7.36755912e-10		-3.79063377e-10
-1.44701548	7.56676514e-10		-6.85939588e-11
-1.44352870	-5.20141535e-10		5.11172475e-10
-1.44004192	1.05138204e-10		-8.12466869e-10
-1.43655513	3.49557867e-10		8.75605615e-10
-1.43306835	-6.87743504e-10		-6.74595213e-10
-1.42958156	7.86359232e-10		2.64699561e-10
-1.42609478	-5.97269038e-10		2.32287158e-10
-1.42260799	1.66469359e-10		-6.64065876e-10
-1.41912121	3.76351743e-10		8.94549684e-10
-1.41563443	-8.55782679e-10		-8.46977678e-10
-1.41214764	1.10519541e-09		5.29802685e-10
-1.40866086	-1.02109899e-09		-3.66863456e-11
-1.40517407	6.00024329e-10		-4.80240685e-10
-1.40168729	5.45390098e-11		8.56358505e-10
-1.39820050	-7.58672404e-10		-9.66019419e-10
-1.39471372	1.30113627e-09		7.63562842e-10
-1.39122694	-1.50754213e-09		-3.00685151e-10
-1.38774015	1.29599916e-09		-2.86098578e-10
-1.38425337	-7.06558874e-10		8.15047215e-10
-1.38076658	-1.05712144e-10		-1.11445444e-09
-1.37727980	9.13259152e-10		1.07691504e-09
-1.37379301	-1.48231687e-09		-6.95657838e-10
-1.37030623	1.64332602e-09		7.09808838e-11
-1.36681945	-1.34395079e-09		6.16321680e-10
-1.36333266	6.67853162e-10		-1.15753220e-09
-1.35984588	1.87559802e-10		1.37927899e-09
-1.35635909	-9.68732216e-10		-1.19835553e-09
-1.35287231	1.44213728e-09		6.50880586e-10
-1.34938552	-1.46606154e-09		1.14097591e-10
-1.34589874	1.03573966e-09		-8.75843379e-10
-1.34241196	-2.87212827e-10		1.40657336e-09
-1.33892517	-5.42342608e-10		-1.54047336e-09
-1.33543839	1.18665111e-09		1.22610121e-09
-1.33195160	-1.43323469e-09		-5.45595543e-10
-1.32846482	1.19169805e-09		-3.06246669e-10
-1.32497803	-5.25740286e-10		1.07788467e-09
-1.32149125	-3.62137106e-10		-1.53592148e-09
-1.31800447	1.18990000e-09		1.53663802e-09
-1.31451768	-1.68215608e-09		-1.07218828e-09
-1.31103090	1.65729278e-09		2.76561021e-10
-1.30754411	-1.08852937e-09		6.11713297e-10
-1.30405733	1.19054173e-10		-1.31996733e-09
-1.30057054	9.75020608e-10		1.62431219e-09
-1.29708376	-1.86424728e-09		-1.41999716e-09
-1.29359698	2.26491674e-09		7.57229189e-10
-1.29011019	-2.02783198e-09		1.69616165e-10
-1.28662341	1.18921757e-09		-1.07753733e-09
-1.28313662	3.30506925e-11		1.67955762e-09
-1.27964984	-1.29849574e-09		-1.77341097e-09
-1.27616305	2.24210186e-09		1.30714556e-09
-1.27267627	-2.58275350e-09		-4.00726685e-10
-1.26918948	2.20944873e-09		-6.84477033e-10
-1.26570270	-1.21856370e-09		1.62074162e-09
-1.26221592	-1.10372714e-10		-2.11210261e-09
-1.25872913	1.39456192e-09		1.98629992e-09
-1.25524235	-2.26058507e-09		-1.25222964e-09
-1.25175556	2.45642102e-09		1.04173276e-10
-1.24826878	-1.92885017e-09		1.13030499e-09
-1.24478199	8.42018898e-10		-2.08483055e-09
-1.24129521	4.69687397e-10		2.46373422e-09
-1.23780843	-1.60144537e-09		-2.13382035e-09
-1.23432164	2.20109142e-09		1.16994143e-09
-1.23083486	-2.07836588e-09		1.60927531e-10
-1.22734807	1.26654641e-09		-1.47421574e-09
-1.22386129	-1.65034422e-11		2.38009692e-09
-1.22037450	-1.27656642e-09		-2.60073647e-09
-1.21688772	2.19283816e-09		2.05705217e-09
-1.21340094	-2.41834474e-09		-8.97790014e-10
-1.20991415	1.84639241e-09		-5.39575548e-10
-1.20642737	-6.17911364e-10		1.82621034e-09
-1.20294058	-9.13401637e-10		-2.56965743e-09
-1.19945380	2.28265484e-09		2.53399385e-09
-1.19596701	-3.05291537e-09		-1.71565234e-09
-1.19248023	2.95051749e-09		3.50562176e-10
-1.18899345	-1.95510416e-09		1.15155062e-09
-1.18550666	3.15602769e-10		-2.32780780e-09
-1.18201988	1.51494653e-09		2.80260058e-09
-1.17853309	-3.00834905e-09		-2.40553439e-09
-1.17504631	3.71682997e-09		1.23020672e-09
-1.17155952	-3.40900630e-09		3.85965437e-10
-1.16807274	2.14476208e-09		-1.95719926e-09
-1.16458596	-2.64933958e-10		2.99334948e-09
-1.16109917	-1.70317356e-09		-3.15008640e-09
-1.15761239	3.19802140e-09		2.33963912e-09
-1.15412560	-3.78938553e-09		-7.67038328e-10
-1.15063882	3.30779275e-09		-1.12166023e-09
-1.14715203	-1.89823486e-09		2.76634767e-09
-1.14366525	-1.94420199e-11		-3.65892387e-09
-1.14017847	1.87327705e-09		3.49929318e-09
-1.13669168	-3.10955720e-09		-2.29360439e-09
-1.13320490	3.36019089e-09		3.63039064e-10
-1.12971811	-2.55637527e-09		1.74242766e-09
-1.12623133	9.53092702e-10		-3.40223411e-09
-1.12274454	9.44700610e-10		4.10980690e-09
-1.11925776	-2.53366567e-09		-3.62848592e-09
-1.11577098	3.29683819e-09		2.07075050e-09
-1.11228419	-2.96586335e-09		1.25554466e-10
-1.10879741	1.61060541e-09		-2.31990546e-09
-1.10531062	3.73033819e-10		3.85653412e-09
-1.10182384	-2.37596075e-09		-4.26180123e-09
-1.09833705	3.75759131e-09		3.39204956e-09
-1.09485027	-4.04282264e-09		-1.48570598e-09
-1.09136349	3.07463314e-09		-8.98946760e-10
-1.08787670	-1.07454965e-09		3.04478541e-09
-1.08438992	-1.41012022e-09		-4.28966490e-09
-1.08090313	3.65965877e-09		4.22964627e-09
-1.07741635	-4.99249797e-09		-2.84954287e-09
-1.07392956	4.97109941e-09		5.38890555e-10
-1.07044278	-3.54103262e-09		2.01500979e-09
-1.06695600	1.05960121e-09		-4.02821059e-09
-1.06346921	1.79755275e-09		4.85709452e-09
-1.05998243	-4.22708312e-09		-4.20016167e-09
-1.05649564	5.53125010e-09		2.20202051e-09
-1.05300886	-5.32525382e-09		5.75287878e-10
-1.04952207	3.65614020e-09		-3.30928213e-09
-1.04603529	-9.95922470e-10		5.15883749e-09
-1.04254851	-1.89157047e-09		-5.52006365e-09
-1.03906172	4.17278562e-09		4.21892462e-09
-1.03557494	-5.19071979e-09		-1.57991450e-09
-1.03208815	4.66206479e-09		-1.65427678e-09
-1.02860137	-2.76521466e-09		4.53277938e-09
-1.02511458	9.07568302e-11		-6.17692721e-09
-1.02162780	2.53309343e-09		6.04838898e-09
-1.01814102	-4.28970560e-09		-4.12340875e-09
-1.01465423	4.62391773e-09		9.17281007e-10
-1.01116745	-3.41685304e-09		2.65327741e-09
-1.00768066	1.03099405e-09		-5.53350220e-09
-1.00419388	1.79110500e-09		6.84408790e-09
-1.00070709	-4.14712238e-09		-6.15158768e-09
-0.99722031	5.25019746e-09		3.61252399e-09
-0.99373353	-4.67671757e-09		5.63916177e-11
-0.99024674	2.51046027e-09		-3.77838198e-09
-0.98675996	6.63768307e-10		6.43180261e-09
-0.98327317	-3.91959869e-09		-7.18851229e-09
-0.97978639	6.25804913e-09		5.77355860e-09
-0.97629960	-6.90803696e-09		-2.56492958e-09
-0.97281282	5.56875859e-09		-1.50195989e-09
-0.96932604	-2.51914445e-09		5.20225133e-09
-0.96583925	-1.44262545e-09		-7.38619323e-09
-0.96235247	5.21664635e-09		7.33254590e-09
-0.95886568	-7.71556616e-09		-4.98296669e-09
-0.95537890	8.18473183e-09		9.82090694e-10
-0.95189211	-6.43311273e-09		3.49543719e-09
-0.94840533	2.90401615e-09		-7.08558496e-09
-0.94491855	1.43946553e-09		8.64529316e-09
-0.94143176	-5.38478663e-09		-7.61007810e-09
-0.93794498	7.81948435e-09		4.18816986e-09
-0.93445819	-8.05797937e-09		6.73709268e-10
-0.93097141	6.04815624e-09		-5.55070815e-09
-0.92748462	-2.39389850e-09		8.95535164e-09
-0.92399784	-1.81674900e-09		-9.78754413e-09
-0.92051105	5.33030464e-09		7.68365307e-09
-0.91702427	-7.10103436e-09		-3.15504376e-09
-0.91353749	6.60785053e-09		-2.53360695e-09
-0.91005070	-4.01860647e-09		7.71874758e-09
-0.90656392	1.49109385e-10		-1.08261231e-08
-0.90307713	3.77532901e-09		1.08495977e-08
-0.89959035	-6.48834610e-09		-7.67528742e-09
-0.89610356	7.07265207e-09		2.14736457e-09
-0.89261678	-5.25411697e-09		4.15351593e-09
-0.88913000	1.50788488e-09		-9.36219322e-09
-0.88564321	3.06129787e-09		1.18825974e-08
-0.88215643	-7.03533604e-09		-1.08788625e-08
-0.87866964	9.10624278e-09		6.55301381e-09
-0.87518286	-8.48232285e-09		-1.17664926e-10
-0.87169607	5.15381292e-09		-6.53859092e-09
-0.86820929	6.70773194e-11		1.14022860e-08
-0.86472251	-5.75190634e-09		-1.29429582e-08
-0.86123572	1.02547738e-08		1.05951586e-08
-0.85774894	-1.21919220e-08		-4.96361203e-09
-0.85426215	1.08621296e-08		-2.32078977e-09
-0.85077537	-6.48089860e-09		9.06299924e-09
-0.84728858	1.52671683e-10		-1.31548340e-08
-0.84380180	6.41933780e-09		1.32237402e-08
-0.84031502	-1.14083700e-08		-9.08153696e-09
-0.83682823	1.33899202e-08		1.82873675e-09
-0.83334145	-1.17646902e-08		6.43070119e-09
-0.82985466	6.95123012e-09		-1.31925331e-08
-0.82636788	-2.85307537e-10		1.63021270e-08
-0.82288109	-6.35197452e-09		-1.46285142e-08
-0.81939431	1.10744195e-08		8.45422934e-09
-0.81590753	-1.25438173e-08		5.49362118e-10
-0.81242074	1.03723687e-08		-9.77080165e-09
-0.80893396	-5.25129488e-09		1.64124234e-08
-0.80544717	-1.23944894e-09		-1.83329316e-08
-0.80196039	7.09172912e-09		1.47264308e-08
-0.79847360	-1.04694511e-08		-6.42495836e-09
-0.79498682	1.02723265e-08		-4.28295498e-09
-0.79150004	-6.49267679e-09		1.42828195e-08
-0.78801325	2.51399078e-10		-2.05413524e-08
-0.78452647	6.50834800e-09		2.10268729e-08
-0.78103968	-1.15892886e-08		-1.53646822e-08
-0.77755290	1.32082193e-08		5.01803336e-09
-0.77406611	-1.05665607e-08		7.07959887e-09
-0.77057933	4.14737423e-09		-1.73520763e-08
-0.76709255	4.36204276e-09		2.26361635e-08
-0.76360576	-1.25150074e-08		-2.11546644e-08
-0.76011898	1.78008746e-08		1.31088805e-08
-0.75663219	-1.83947381e-08		-6.95204570e-10
-0.75314541	1.37408045e-08		-1.24828323e-08
-0.74965862	-4.78889823e-09		2.24535837e-08
-0.74617184	-6.20143935e-09		-2.60706313e-08
-0.74268506	1.62507905e-08		2.20043589e-08
-0.73919827	-2.24876377e-08		-1.12218221e-08
-0.73571149	2.29818289e-08		-3.21285711e-09
-0.73222470	-1.73405106e-08		1.69861314e-08
-0.72873792	6.88327956e-09		-2.58009266e-08
-0.72525113	5.67073806e-09		2.66937429e-08
-0.72176435	-1.69311391e-08		-1.90039979e-08
-0.71827757	2.37831471e-08		4.68446330e-09
-0.71479078	-2.42855370e-08		1.21720957e-08
-0.71130400	1.82567302e-08		-2.64823336e-08
-0.70781721	-7.36810511e-09		3.36794748e-08
-0.70433043	-5.29858066e-09		-3.11362512e-08
-0.70084364	1.61172846e-08		1.90664757e-08
-0.69735686	-2.19667452e-08		-6.05832615e-10
-0.69387008	2.11597359e-08		-1.89924297e-08
-0.69038329	-1.39741971e-08		3.38454398e-08
-0.68689651	2.61527202e-09		-3.91934952e-08
-0.68340972	9.40079982e-09		3.28982494e-08
-0.67992294	-1.82789117e-08		-1.62189186e-08
-0.67643615	2.11011705e-08		-6.40445380e-09
-0.67294937	-1.67652035e-08		2.85434275e-08
-0.66946259	6.41265158e-09		-4.36349249e-08
-0.66597580	6.80586176e-09		4.69655763e-08
-0.66248902	-1.85925907e-08		-3.71898743e-08
-0.65900223	2.47657978e-08		1.68972221e-08
-0.65551545	-2.25669134e-08		7.99225441e-09
-0.65202866	1.16215477e-08		-2.98781013e-08
-0.64854188	5.75531897e-09		4.17261851e-08
-0.64505510	-2.50434063e-08		-3.92566189e-08
-0.64156831	4.06984697e-08		2.24014092e-08
-0.63808153	-4.77274995e-08		4.45284459e-09
-0.63459474	4.32194556e-08		-3.35773152e-08
-0.63110796	-2.73782816e-08		5.61023787e-08
-0.62762117	3.72111396e-09		-6.46943962e-08
-0.62413439	2.16743332e-08		5.59137434e-08
-0.62064761	-4.17211511e-08		-3.15112330e-08
-0.61716082	5.02807762e-08		-1.79926623e-09
-0.61367404	-4.39917818e-08		3.41159841e-08
-0.61018725	2.34374321e-08		-5.52240865e-08
-0.60670047	6.72570467e-09		5.77574961e-08
-0.60321368	-3.87839914e-08		-3.96950231e-08
-0.59972690	6.39154632e-08		5.37917169e-09
-0.59624012	-7.45816604e-08		3.53570913e-08
-0.59275333	6.67179562e-08		-6.98214207e-08
-0.58926655	-4.10951869e-08		8.61722556e-08
-0.58577976	3.42017613e-09		-7.71538215e-08
-0.58229298	3.69299230e-08		4.27198120e-08
-0.57880619	-6.92690664e-08		9.33468267e-09
-0.57531941	8.44678746e-08		-6.50745358e-08
-0.57183263	-7.75571810e-08		1.08121703e-07
-0.56834584	4.93322839e-08		-1.24385727e-07
-0.56485906	-6.45557308e-09		1.06485606e-07
-0.56137227	-4.00579470e-08		-5.65168767e-08
-0.55788549	7.76480448e-08		-1.37840715e-08
-0.55439870	-9.56114709e-08		8.57173080e-08
-0.55091192	8.81990502e-08		-1.38547377e-07
-0.54742513	-5.65419224e-08		1.55379533e-07
-0.54393835	8.81362799e-09		-1.28308393e-07
-0.54045157	4.15176701e-08		6.12624480e-08
-0.53696478	-7.89836588e-08		3.04570118e-08
-0.53347800	9.01593131e-08		-1.24030828e-07
-0.52999121	-6.74184585e-08		1.95455218e-07
-0.52650443	1.13937918e-08		-2.26634927e-07
-0.52301764	6.85661074e-08		2.11168519e-07
-0.51953086	-1.56149851e-07		-1.56998258e-07
-0.51604408	2.31680655e-07		8.48986652e-08
-0.51255729	-2.76698866e-07		-2.29444713e-08
-0.50907051	2.78391338e-07		-1.68773680e-09
-0.50558372	-2.32745567e-07		-2.86751601e-08
-0.50209694	1.45620581e-07		1.15755342e-07
-0.49861015	-3.14598740e-08		-2.43168596e-07
-0.49512337	-9.00163341e-08		3.79597326e-07
-0.49163659	1.98277055e-07		-4.86833584e-07
-0.48814980	-2.76448529e-07		5.30748318e-07
-0.48466302	3.14649229e-07		-4.92203080e-07
-0.48117623	-3.11389269e-07		3.74665746e-07
-0.47768945	2.72783769e-07		-2.05961476e-07
-0.47420266	-2.09945615e-07		3.30658498e-08
-0.47071588	1.35425036e-07		8.92312110e-08
-0.46722910	-5.98033253e-08		-1.13112232e-07
-0.46374231	-1.05484926e-08		1.20510310e-08
-0.46025553	7.39439720e-08		2.09479078e-07
-0.45676874	-1.32086990e-07		-5.14110283e-07
-0.45328196	1.87615334e-07		8.38768398e-07
-0.44979517	-2.41507362e-07		-1.10975643e-06
-0.44630839	2.91457985e-07		1.26221635e-06
-0.44282161	-3.32021867e-07		-1.25891853e-06
-0.43933482	3.56693564e-07		1.10308712e-06
-0.43584804	-3.61326499e-07		-8.41192154e-07
-0.43236125	3.47630794e-07		5.54098774e-07
-0.42887447	-3.25175657e-07		-3.38071339e-07
-0.42538768	3.10517502e-07		2.80069454e-07
-0.42190090	-3.22802591e-07		-4.33712126e-07
-0.41841412	3.76309877e-07		8.02609263e-07
-0.41492733	-4.71617974e-07		-1.33625081e-06
-0.41144055	5.88032292e-07		1.94057912e-06
-0.40795376	-6.80244681e-07		-2.50147600e-06
-0.40446698	6.81691409e-07		2.91568327e-06
-0.40098019	-5.15706240e-07		-3.12118050e-06
-0.39749341	1.13558607e-07		3.11854776e-06
-0.39400663	5.63733435e-07		-2.97663640e-06
-0.39051984	-1.50474544e-06		2.81964439e-06
-0.38703306	2.63394481e-06		-2.79756958e-06
-0.38354627	-3.81025969e-06		3.04675167e-06
-0.38005949	4.84127186e-06		-3.65051110e-06
-0.37657270	-5.51319717e-06		4.61074229e-06
-0.37308592	5.63299402e-06		-5.83929140e-06
-0.36959914	-5.07533170e-06		7.17335913e-06
-0.36611235	3.82466851e-06		-8.41304015e-06
-0.36262557	-2.00210424e-06		9.37295462e-06
-0.35913878	-1.31603470e-07		-9.93537964e-06
-0.35565200	2.20151578e-06		1.00906843e-05
-0.35216521	-3.77157209e-06		-9.95287364e-06
-0.34867843	4.41820698e-06		9.74342475e-06
-0.34519165	-3.81214957e-06		-9.74422215e-06
-0.34170486	1.79272901e-06		1.02284857e-05
-0.33821808	1.58128743e-06		-1.13850843e-05
-0.33473129	-6.01721138e-06		1.32547716e-05
-0.33124451	1.10170601e-05		-1.56956096e-05
-0.32775772	-1.59479019e-05		1.83891597e-05
-0.32427094	2.01439378e-05		-2.08900167e-05
-0.32078416	-2.30230824e-05		2.27109397e-05
-0.31729737	2.41965293e-05		-2.34266454e-05
-0.31381059	-2.35495963e-05		2.27735889e-05
-0.31032380	2.12763641e-05		-2.07223633e-05
-0.30683702	-1.78586621e-05		1.75041732e-05
-0.30335023	1.39903703e-05		-1.35823156e-05
-0.29986345	-1.04588053e-05		9.57172750e-06
-0.29637667	8.00393802e-06		-6.12169235e-06
-0.29288988	-7.18143629e-06		3.78590422e-06
-0.28940310	8.25581828e-06		-2.90801501e-06
-0.28591631	-1.11450775e-05		3.54843147e-06
-0.28242953	1.54288137e-05		-5.46981005e-06
-0.27894274	-2.04199081e-05		8.18615310e-06
-0.27545596	2.52874467e-05		-1.10664011e-05
-0.27196918	-2.92083899e-05		1.34711049e-05
-0.26848239	3.15194942e-05		-1.48929841e-05
-0.26499561	-3.18404925e-05		1.50707636e-05
-0.26150882	3.01447349e-05		-1.40510412e-05
-0.25802204	-2.67634241e-05		1.21839180e-05
-0.25453525	2.23223447e-05		-1.00523254e-05
-0.25104847	-1.76230816e-05		8.34923503e-06
-0.24756169	1.34915587e-05		-7.72811353e-06
-0.24407490	-1.06231551e-05		8.65765233e-06
-0.24058812	9.45437493e-06		-1.13107907e-05
-0.23710133	-1.00859006e-05		1.55107171e-05
-0.23361455	1.22718376e-05		-2.07446028e-05
-0.23012776	-1.54770255e-05		2.62419982e-05
-0.22664098	1.89909677e-05		-3.11021161e-05
-0.22315420	-2.20758357e-05		3.44452685e-05
-0.21966741	2.41192872e-05		-3.55602019e-05
-0.21618063	-2.47618203e-05		3.40213656e-05
-0.21269384	2.39732636e-05		-2.97573478e-05
-0.20920706	-2.20628301e-05		2.30619145e-05
-0.20572027	1.96200632e-05		-1.45498884e-05
-0.20223349	-1.73974792e-05		5.06922186e-06
-0.19874671	1.61571998e-05		4.41359060e-06
-0.19525992	-1.65111538e-05		-1.29358470e-05
-0.19177314	1.87861095e-05		1.96517140e-05
-0.18828635	-2.29405323e-05		-2.39234915e-05
-0.18479957	2.85508047e-05		2.53839450e-05
-0.18131278	-3.48714468e-05		-2.39675221e-05
-0.17782600	4.09600115e-05		1.99116900e-05
-0.17433921	-4.58448962e-05		-1.37312420e-05
-0.17085243	4.87057437e-05		6.16863586e-06
-0.16736565	-4.90330207e-05		1.87686177e-06
-0.16387886	4.67364113e-05		-9.43821307e-06
-0.16039208	-4.21803734e-05		1.55833444e-05
-0.15690529	3.61380531e-05		-1.95242472e-05
-0.15341851	-2.96694685e-05		2.07214912e-05
-0.14993172	2.39437990e-05		-1.89699776e-05
-0.14644494	-2.00361989e-05		1.44503893e-05
-0.14295816	1.87348307e-05		-7.73249966e-06
-0.13947137	-2.03927262e-05		-2.78124246e-07
-0.13598459	2.48517307e-05		8.44982362e-06
-0.13249780	-3.14534084e-05		-1.55801835e-05
-0.12901102	3.91365416e-05		2.05759181e-05
-0.12552423	-4.66054799e-05		-2.26286530e-05
-0.12203745	5.25408708e-05		2.13552881e-05
-0.11855067	-5.58165769e-05		-1.68751421e-05
-0.11506388	5.56853093e-05		9.80571508e-06
-0.11157710	-5.19009703e-05		-1.17316594e-06
-0.10809031	4.47569282e-05		-7.75021975e-06
-0.10460353	-3.50344141e-05		1.56545564e-05
-0.10111674	2.38711685e-05		-2.14098363e-05
-0.09762996	-1.25744412e-05		2.42524016e-05
-0.09414318	2.41187409e-06		-2.39055888e-05
-0.09065639	5.58304671e-06		2.06121007e-05
-0.08716961	-1.07579003e-05		-1.50728288e-05
-0.08368282	1.29171599e-05		8.30524096e-06
-0.08019604	-1.23171888e-05		-1.45016212e-06
-0.07670925	9.58571586e-06		-4.43455781e-06
-0.07322247	-5.58463018e-06		8.55341731e-06
-0.06973569	1.24434618e-06		-1.04923788e-05
-0.06624890	2.59838696e-06		1.02579559e-05
-0.06276212	-5.33003312e-06		-8.23371390e-06
-0.05927533	6.63615936e-06		5.06867514e-06
-0.05578855	-6.51447261e-06		-1.52529408e-06
-0.05230176	5.22871031e-06		-1.67879008e-06
-0.04881498	-3.21839878e-06		4.00225799e-06
-0.04532820	9.86962750e-07		-5.16028074e-06
-0.04184141	1.00703417e-06		5.14200137e-06
-0.03835463	-2.43379052e-06		-4.16877423e-06
-0.03486784	3.13699870e-06		2.60946674e-06
-0.03138106	-3.13498832e-06		-8.77161882e-07
-0.02789427	2.58388847e-06		-6.66768435e-07
-0.02440749	-1.71632349e-06		1.77996748e-06
-0.02092071	7.73285244e-07		-2.36598873e-06
-0.01743392	5.35305780e-08		2.46051243e-06
-0.01394714	-6.56103086e-07		-2.18711889e-06
-0.01046035	1.01560588e-06		1.69970264e-06
-0.00697357	-1.18158358e-06		-1.13024153e-06
-0.00348678	1.23416988e-06		5.56933975e-07
