901
omega		real			imaginary
0.00000000	4.17959629e-07		0.00000000e+00
0.00348678	-3.94083631e-07		1.63065286e-07
0.00697357	3.23265296e-07		-3.10345971e-07
0.01046035	-2.08553098e-07		4.25657623e-07
0.01394714	5.68266714e-08		-4.92777005e-07
0.01743392	1.19358828e-07		4.97051207e-07
0.02092071	-3.00638494e-07		-4.28270124e-07
0.02440749	4.61321989e-07		2.84279259e-07
0.02789427	-5.72050210e-07		-7.43616701e-08
0.03138106	6.04596819e-07		-1.78798543e-07
0.03486784	-5.38118190e-07		4.39653802e-07
0.03835463	3.65571434e-07		-6.63475474e-07
0.04184141	-9.86869693e-08		8.03125894e-07
0.04532820	-2.30082568e-07		-8.18052811e-07
0.04881498	5.69773360e-07		6.83905259e-07
0.05230176	-8.57626271e-07		-4.00706907e-07
0.05578855	1.02965751e-06		-2.52084798e-09
0.05927533	-1.03344431e-06		4.68352396e-07
0.06276212	8.40729798e-07		-9.17547123e-07
0.06624890	-4.57128059e-07		1.26122511e-06
0.06973569	-7.35588602e-08		-1.41695835e-06
0.07322247	6.72102050e-07		1.32603883e-06
0.07670925	-1.23412053e-06		-9.68563332e-07
0.08019604	1.64681130e-06		3.72982184e-07
0.08368282	-1.80963189e-06		3.82539000e-07
0.08716961	1.65534139e-06		-1.17827067e-06
0.09065639	-1.16732672e-06		1.87017055e-06
0.09414318	3.89426373e-07		-2.31397886e-06
0.09762996	5.74471656e-07		2.39231485e-06
0.10111674	-1.57208232e-06		-2.03994039e-06
0.10460353	2.42459737e-06		1.26220699e-06
0.10809031	-2.95571550e-06		-1.42498543e-07
0.11157710	3.02314015e-06		-1.16385209e-06
0.11506388	-2.54698873e-06		2.44940747e-06
0.11855067	1.52966556e-06		-3.48594374e-06
0.12203745	-6.28848707e-08		4.06265532e-06
0.12552423	-1.68045538e-06		-4.02502842e-06
0.12901102	3.46927152e-06		3.30755119e-06
0.13249780	-5.04919076e-06		-1.95401201e-06
0.13598459	6.18404855e-06		1.20885818e-07
0.13947137	-6.69718262e-06		1.93802683e-06
0.14295816	6.50534909e-06		-3.90439185e-06
0.14644494	-5.63897744e-06		5.44115239e-06
0.14993172	4.24453276e-06		-6.24445938e-06
0.15341851	-2.56764973e-06		6.09341928e-06
0.15690529	9.18960470e-07		-4.88932939e-06
0.16039208	3.72407851e-07		2.67748295e-06
0.16387886	-1.01039030e-06		3.52717933e-07
0.16736565	7.80207178e-07		-3.89012549e-06
0.17085243	4.14831205e-07		7.54375014e-06
0.17433921	-2.53431155e-06		-1.08979487e-05
0.17782600	5.40301919e-06		1.35723047e-05
0.18131278	-8.73455946e-06		-1.52766838e-05
0.18479957	1.21727213e-05		1.58526177e-05
0.18828635	-1.53439825e-05		-1.52943520e-05
0.19177314	1.79126290e-05		1.37462191e-05
0.19525992	-1.96294788e-05		-1.14769186e-05
0.19874671	2.03662617e-05		8.83511704e-06
0.20223349	-2.01301421e-05		-6.19386733e-06
0.20572027	1.90562534e-05		3.89314918e-06
0.20920706	-1.73798683e-05		-2.19003687e-06
0.21269384	1.53932861e-05		1.22457313e-06
0.21618063	-1.33950812e-05		-1.00662167e-06
0.21966741	1.16405739e-05		1.42528035e-06
0.22315420	-1.03020389e-05		-2.27851285e-06
0.22664098	9.44533892e-06		3.31718850e-06
0.23012776	-9.02667062e-06		-4.29531460e-06
0.23361455	8.90949748e-06		5.01731759e-06
0.23710133	-8.89814447e-06		-5.37393052e-06
0.24058812	8.78159528e-06		5.36043470e-06
0.24407490	-8.37927687e-06		-5.07427963e-06
0.24756169	7.58034477e-06		4.69287449e-06
0.25104847	-6.36923435e-06		-4.43592841e-06
0.25453525	4.83278384e-06		4.51947957e-06
0.25802204	-3.14760124e-06		-5.11020571e-06
0.26150882	1.54993266e-06		6.28850636e-06
0.26499561	-2.93451211e-07		-8.02721958e-06
0.26848239	-3.97436999e-07		1.01899885e-05
0.27196918	3.70361594e-07		-1.25497445e-05
0.27545596	4.23887658e-07		1.48241622e-05
0.27894274	-1.91754455e-06		-1.67219111e-05
0.28242953	3.93197501e-06		1.79916109e-05
0.28591631	-6.20283592e-06		-1.84649224e-05
0.28940310	8.42009303e-06		1.80862438e-05
0.29288988	-1.02761465e-05		-1.69238315e-05
0.29637667	1.15139469e-05		1.51603963e-05
0.29986345	-1.19670393e-05		-1.30647703e-05
0.30335023	1.15849124e-05		1.09494611e-05
0.30683702	-1.04395926e-05		-9.12126358e-06
0.31032380	8.71262961e-06		7.83318828e-06
0.31381059	-6.66492240e-06		-7.24561794e-06
0.31729737	4.59464607e-06		7.40292366e-06
0.32078416	-2.79039894e-06		-8.22906291e-06
0.32427094	1.48729579e-06		9.54244402e-06
0.32775772	-8.33020149e-07		-1.10871406e-05
0.33124451	8.68976508e-07		1.25749207e-05
0.33473129	-1.52900924e-06		-1.37309496e-05
0.33821808	2.65516280e-06		1.43356714e-05
0.34170486	-4.02716952e-06		-1.42562912e-05
0.34519165	5.40023456e-06		1.34632574e-05
0.34867843	-6.54457537e-06		-1.20298125e-05
0.35216521	7.28021198e-06		1.01155476e-05
0.35565200	-7.50163506e-06		-7.93747355e-06
0.35913878	7.18895528e-06		5.73397876e-06
0.36262557	-6.40458081e-06		-3.72790458e-06
0.36611235	5.27693497e-06		2.09473529e-06
0.36959914	-3.97479181e-06		-9.40674180e-07
0.37308592	2.67713840e-06		2.93422491e-07
0.37657270	-1.54388556e-06		-1.06173798e-07
0.38005949	6.92225240e-07		2.73098639e-07
0.38354627	-1.82124910e-07		-6.52803758e-07
0.38703306	1.26316559e-08		1.09518679e-06
0.39051984	-1.28684322e-07		-1.46690535e-06
0.39400663	4.36354287e-07		1.67131440e-06
0.39749341	-8.23153562e-07		-1.66002658e-06
0.40098019	1.17945228e-06		1.43494114e-06
0.40446698	-1.41719199e-06		-1.04134041e-06
0.40795376	1.48288550e-06		5.54155975e-07
0.41144055	-1.36316578e-06		-6.05110404e-08
0.41492733	1.08262131e-06		-3.57986738e-07
0.41841412	-6.95053949e-07		6.40011910e-07
0.42190090	2.70370670e-07		-7.53988190e-07
0.42538768	1.20095736e-07		7.01078945e-07
0.42887447	-4.17015707e-07		-5.11813822e-07
0.43236125	5.82911261e-07		2.37616054e-07
0.43584804	-6.06967485e-07		6.06900104e-08
0.43933482	5.04415765e-07		-3.24954882e-07
0.44282161	-3.11139205e-07		5.10054784e-07
0.44630839	7.49778411e-08		-5.90754833e-07
0.44979517	1.54312460e-07		5.64147437e-07
0.45328196	-3.34427311e-07		-4.47653843e-07
0.45676874	4.37507929e-07		2.73417828e-07
0.46025553	-4.53676047e-07		-8.05254549e-08
0.46374231	3.90787216e-07		-9.32406426e-08
0.46722910	-2.70834984e-07		2.18482979e-07
0.47071588	1.24040405e-07		-2.78863022e-07
0.47420266	1.79922787e-08		2.72713390e-07
0.47768945	-1.28626550e-07		-2.11596493e-07
0.48117623	1.90860161e-07		1.16415505e-07
0.48466302	-1.99563937e-07		-1.21058038e-08
0.48814980	1.61101952e-07		-7.78855441e-08
0.49163659	-9.06811051e-08		1.36202133e-07
0.49512337	8.19800142e-09		-1.54428091e-07
0.49861015	6.64214299e-08		1.33786980e-07
0.50209694	-1.17387618e-07		-8.37670986e-08
0.50558372	1.35912906e-07		1.91669697e-08
0.50907051	-1.21313923e-07		4.36674484e-08
0.51255729	8.02938970e-08		-9.05477559e-08
0.51604408	-2.47298725e-08		1.12316562e-07
0.51953086	-3.14288617e-08		-1.06359990e-07
0.52301764	7.54133222e-08		7.65630562e-08
0.52650443	-9.83337093e-08		-3.18574732e-08
0.52999121	9.67974266e-08		-1.62032368e-08
0.53347800	-7.31923443e-08		5.62361657e-08
0.53696478	3.46858865e-08		-7.95551349e-08
0.54045157	8.73996024e-09		8.19045168e-08
0.54393835	-4.67169552e-08		-6.40859809e-08
0.54742513	7.08209278e-08		3.14255047e-08
0.55091192	-7.63062268e-08		7.71823687e-09
0.55439870	6.29112275e-08		-4.40108139e-08
0.55788549	-3.46258172e-08		6.92768834e-08
0.56137227	-1.45687044e-09		-7.82425272e-08
0.56485906	3.68931977e-08		6.95315446e-08
0.56834584	-6.38256880e-08		-4.57470714e-08
0.57183263	7.66713929e-08		1.26787567e-08
0.57531941	-7.32116550e-08		2.21377695e-08
0.57880619	5.48847758e-08		-5.11567556e-08
0.58229298	-2.62677534e-08		6.84593637e-08
0.58577976	-6.09090017e-09		-7.09434736e-08
0.58926655	3.51953681e-08		5.88357767e-08
0.59275333	-5.51329156e-08		-3.54559852e-08
0.59624012	6.22798245e-08		6.32858730e-09
0.59972690	-5.59424037e-08		2.21274354e-08
0.60321368	3.83290553e-08		-4.40233408e-08
0.60670047	-1.38999431e-08		5.52259880e-08
0.61018725	-1.17277465e-08		-5.41318215e-08
0.61367404	3.30558221e-08		4.18499564e-08
0.61716082	-4.58759991e-08		-2.17907595e-08
0.62064761	4.80893158e-08		-1.21505105e-09
0.62413439	-4.00185300e-08		2.20477745e-08
0.62762117	2.41771033e-08		-3.64204952e-08
0.63110796	-4.57835421e-09		4.17488676e-08
0.63459474	-1.42368555e-08		-3.75957409e-08
0.63808153	2.82250314e-08		2.56201988e-08
0.64156831	-3.46908882e-08		-9.07266051e-09
0.64505510	3.27888720e-08		-8.02580813e-09
0.64854188	-2.35867830e-08		2.18210136e-08
0.65202866	9.70395477e-09		-2.94671491e-08
0.65551545	5.37097275e-09		2.96929397e-08
0.65900223	-1.81133002e-08		-2.29839281e-08
0.66248902	2.57535434e-08		1.13631351e-08
0.66597580	-2.68538501e-08		2.15807065e-09
0.66946259	2.15537192e-08		-1.43181641e-08
0.67294937	-1.14486885e-08		2.23578540e-08
0.67643615	-8.51052931e-10		-2.46180914e-08
0.67992294	1.23666148e-08		2.08583517e-08
0.68340972	-2.04459436e-08		-1.22385792e-08
0.68689651	2.33508301e-08		9.85972171e-10
0.69038329	-2.06093293e-08		1.01630310e-08
0.69387008	1.30659763e-08		-1.86094853e-08
0.69735686	-2.63280064e-09		2.24780488e-08
0.70084364	-8.18926782e-09		-2.10136916e-08
0.70433043	1.69010097e-08		1.47084717e-08
0.70781721	-2.15702929e-08		-5.14178120e-09
0.71130400	2.12467142e-08		-5.41780155e-09
0.71479078	-1.61391206e-08		1.45497956e-08
0.71827757	7.52621536e-09		-2.02321891e-08
0.72176435	2.56880262e-09		2.12812755e-08
0.72525113	-1.18573753e-08		-1.75871424e-08
0.72873792	1.83055071e-08		1.01004194e-08
0.73222470	-2.05770830e-08		-5.83085455e-10
0.73571149	1.83050393e-08		-8.81188415e-09
0.73919827	-1.21369885e-08		1.60318268e-08
0.74268506	3.55414275e-09		-1.95747295e-08
0.74617184	5.48727183e-09		1.88002722e-08
0.74965862	-1.30055512e-08		-1.40381245e-08
0.75314541	1.74307921e-08		6.47756632e-09
0.75663219	-1.79336205e-08		2.12837016e-09
0.76011898	1.45770469e-08		-9.87127251e-09
0.76360576	-8.26509930e-09		1.51132946e-08
0.76709255	5.07980099e-10		-1.68357086e-08
0.77057933	6.93666785e-09		1.48361248e-08
0.77406611	-1.24618038e-08		-9.73701687e-09
0.77755290	1.49585390e-08		2.81156457e-09
0.78103968	-1.40383112e-08		4.32689506e-09
0.78452647	1.00857318e-08		-1.00971620e-08
0.78801325	-4.13758164e-09		1.32989421e-08
0.79150004	-2.37774249e-09		-1.33615835e-08
0.79498682	7.97640775e-09		1.04416985e-08
0.79847360	-1.14528384e-08		-5.35435182e-09
0.80196039	1.21365847e-08		-6.39769448e-10
0.80544717	-1.00182252e-08		6.13757139e-09
0.80893396	5.72162072e-09		-9.91551950e-09
0.81242074	-3.35116273e-10		1.11974324e-08
0.81590753	-4.85464949e-09		-9.81024256e-09
0.81939431	8.66257930e-09		6.19727909e-09
0.82288109	-1.02698123e-08		-1.29179722e-09
0.82636788	9.39505706e-09		-3.71524002e-09
0.82985466	-6.33755281e-09		7.65665487e-09
0.83334145	1.88684129e-09		-9.65440113e-09
0.83682823	2.87531569e-09		9.30941680e-09
0.84031502	-6.83218168e-09		-6.77582120e-09
0.84380180	9.08819079e-09		2.70681404e-09
0.84728858	-9.16611648e-09		1.91098780e-09
0.85077537	7.10270174e-09		-5.99346112e-09
0.85426215	-3.42454116e-09		8.60939256e-09
0.85774894	-9.86384119e-10		-9.18826863e-09
0.86123572	5.10355808e-09		7.63982314e-09
0.86472251	-7.99310971e-09		-4.36112093e-09
0.86820929	9.02295526e-09		1.33093409e-10
0.87169607	-7.99759508e-09		4.06670756e-09
0.87518286	5.19046195e-09		-7.29034706e-09
0.87866964	-1.26965148e-09		8.83257155e-09
0.88215643	-2.86303110e-09		-8.38312379e-09
0.88564321	6.28091336e-09		6.08586439e-09
0.88913000	-8.24083973e-09		-2.49419950e-09
0.89261678	8.34434787e-09		-1.56407498e-09
0.89610356	-6.61692378e-09		5.17947348e-09
0.89959035	3.49006510e-09		-7.56613428e-09
0.90307713	3.06862494e-10		8.23337394e-09
0.90656392	-3.91799950e-09		-7.08611194e-09
0.91005070	6.55530384e-09		4.43389221e-09
0.91353749	-7.67163521e-09		-9.09333015e-10
0.91702427	7.07459372e-09		-2.68290874e-09
0.92051105	-4.95756092e-09		5.55068253e-09
0.92399784	1.84367489e-09		-7.09006422e-09
0.92748462	1.54190346e-09		7.01324797e-09
0.93097141	-4.44051677e-09		-5.40157228e-09
0.93445819	6.23028142e-09		2.67428768e-09
0.93794498	-6.55993312e-09		5.17140987e-10
0.94143176	5.41748993e-09		-3.44303062e-09
0.94491855	-3.12053291e-09		5.46162986e-09
0.94840533	2.32924655e-10		-6.15973628e-09
0.95189211	2.57085652e-09		5.43706378e-09
0.95537890	-4.66151316e-09		-3.51729234e-09
0.95886568	5.59513196e-09		8.85780228e-10
0.96235247	-5.20674262e-09		1.82957340e-09
0.96583925	3.63769304e-09		-4.00555704e-09
0.96932604	-1.29284669e-09		5.16480395e-09
0.97281282	-1.26043692e-09		-5.07918050e-09
0.97629960	3.42681876e-09		3.81324365e-09
0.97978639	-4.71948693e-09		-1.69984497e-09
0.98327317	4.86767811e-09		-7.44453944e-10
0.98675996	-3.87174645e-09		2.94310923e-09
0.99024674	1.99489272e-09		-4.39320144e-09
0.99373353	3.04671233e-10		4.77829870e-09
0.99722031	-2.48397451e-09		-4.03556091e-09
1.00070709	4.04170421e-09		2.36316878e-09
1.00419388	-4.63163326e-09		-1.68086331e-10
1.00768066	4.13767812e-09		-2.03231259e-09
1.01116745	-2.69461068e-09		3.73114826e-09
1.01465423	6.51200245e-10		-4.54741410e-09
1.01814102	1.51431486e-09		4.30979710e-09
1.02162780	-3.30600667e-09		-3.09076101e-09
1.02511458	4.32325411e-09		1.18446385e-09
1.02860137	-4.34934656e-09		9.65036373e-10
1.03208815	3.39628242e-09		-2.86776015e-09
1.03557494	-1.69676555e-09		4.09962901e-09
1.03906172	-3.53433542e-10		-4.39666169e-09
1.04254851	2.28846391e-09		3.71072612e-09
1.04603529	-3.67884333e-09		-2.21525610e-09
1.04952207	4.22703122e-09		2.60937041e-10
1.05300886	-3.83088637e-09		1.70735349e-09
1.05649564	2.60157500e-09		-3.25263230e-09
1.05998243	-8.33114992e-10		4.04344810e-09
1.06346921	-1.06829250e-09		-3.92522966e-09
1.06695600	2.67816447e-09		2.95001788e-09
1.07044278	-3.64912980e-09		-1.35904310e-09
1.07392956	3.78634156e-09		-4.76624552e-10
1.07741635	-3.08653068e-09		2.14283386e-09
1.08090313	1.73296536e-09		-3.27624225e-09
1.08438992	-4.87232313e-11		3.64402882e-09
1.08787670	-1.58000409e-09		-3.19192323e-09
1.09136349	2.79244524e-09		2.05068231e-09
1.09485027	-3.33335323e-09		-5.00791476e-10
1.09833705	3.10689986e-09		-1.09541106e-09
1.10182384	-2.19300894e-09		2.37791428e-09
1.10531062	8.23579862e-10		-3.07004583e-09
1.10879741	6.74821873e-10		3.03813072e-09
1.11228419	-1.95785365e-09		-2.31697174e-09
1.11577098	2.74189854e-09		1.09642791e-09
1.11925776	-2.86637932e-09		3.26696719e-10
1.12274454	2.32626501e-09		-1.61951515e-09
1.12623133	-1.26829504e-09		2.48992965e-09
1.12971811	-4.71486669e-11		-2.75189856e-09
1.13320490	1.30886303e-09		2.36462290e-09
1.13669168	-2.22735849e-09		-1.43750980e-09
1.14017847	2.60035006e-09		2.00768986e-10
1.14366525	-2.35651921e-09		1.05069408e-09
1.14715203	1.56820424e-09		-2.02657358e-09
1.15063882	-4.30991455e-10		2.50751038e-09
1.15412560	-7.84247797e-10		-2.39346671e-09
1.15761239	1.79522113e-09		1.72359747e-09
1.16109917	-2.37302916e-09		-6.63849771e-10
1.16458596	2.39316225e-09		-5.34042150e-10
1.16807274	-1.86144214e-09		1.59209510e-09
1.17155952	9.09655575e-10		-2.27012994e-09
1.17504631	2.37355296e-10		2.41966078e-09
1.17853309	-1.31494963e-09		-2.01563031e-09
1.18201988	2.07969247e-09		1.15933988e-09
1.18550666	-2.36407737e-09		-5.26299305e-11
1.18899345	2.11272413e-09		-1.05011502e-09
1.19248023	-1.39232204e-09		1.90070552e-09
1.19596701	3.73734290e-10		-2.31306067e-09
1.19945380	7.08979848e-10		2.20371761e-09
1.20294058	-1.61277246e-09		-1.60817325e-09
1.20642737	2.14046097e-09		6.69990917e-10
1.20991415	-2.18383455e-09		3.94156841e-10
1.21340094	1.74560570e-09		-1.34498486e-09
1.21688772	-9.35831323e-10		1.97482754e-09
1.22037450	-5.56893391e-11		-2.15328196e-09
1.22386129	1.00415384e-09		1.85421743e-09
1.22734807	-1.70107383e-09		-1.15859424e-09
1.23083486	2.00042849e-09		2.33151247e-10
1.23432164	-1.84941502e-09		7.09534190e-10
1.23780843	1.29733075e-09		-1.46006689e-09
1.24129521	-4.81245809e-10		1.85902006e-09
1.24478199	-4.07597192e-10		-1.83101367e-09
1.24826878	1.16848856e-09		1.39879704e-09
1.25175556	-1.63663539e-09		-6.74786624e-10
1.25524235	1.71896489e-09		-1.67316731e-10
1.25872913	-1.41257128e-09		9.33784150e-10
1.26221592	8.02198283e-10		-1.45524967e-09
1.26570270	-3.80056661e-11		1.62409358e-09
1.26918948	-7.00707435e-10		-1.41658430e-09
1.27267627	1.24714836e-09		8.95260888e-10
1.27616305	-1.48443076e-09		-1.91664624e-10
1.27964984	1.37038292e-09		-5.26015368e-10
1.28313662	-9.44543597e-10		1.09253645e-09
1.28662341	3.16336503e-10		-1.38319594e-09
1.29011019	3.62275600e-10		1.34093278e-09
1.29359698	-9.32932333e-10		-9.87104579e-10
1.29708376	1.26730020e-09		4.14009662e-10
1.30057054	-1.29547288e-09		2.38556894e-10
1.30405733	1.02012922e-09		-8.16857503e-10
1.30754411	-5.13670359e-10		1.18890044e-09
1.31103090	-1.00478526e-10		-1.27404927e-09
1.31451768	6.77645400e-10		1.05998301e-09
1.31800447	-1.08563579e-09		-6.03525916e-10
1.32149125	1.23459552e-09		1.56525290e-11
1.32497803	-1.09632551e-09		5.65427722e-10
1.32846482	7.08972563e-10		-1.00660551e-09
1.33195160	-1.66476138e-10		1.21009207e-09
1.33543839	-4.04360621e-10		-1.13470710e-09
1.33892517	8.73582619e-10		8.03662757e-10
1.34241196	-1.13761908e-09		-2.97489360e-10
1.34589874	1.14194753e-09		-2.65829103e-10
1.34938552	-8.91964520e-10		7.58600293e-10
1.35287231	4.49978194e-10		-1.07250813e-09
1.35635909	8.05456562e-11		1.14240496e-09
1.35984588	-5.79501254e-10		-9.59600258e-10
1.36333266	9.37590831e-10		5.71992211e-10
1.36681945	-1.08040729e-09		-7.14616527e-11
1.37030623	9.83838443e-10		-4.28181211e-10
1.37379301	-6.77633149e-10		8.17384401e-10
1.37727980	2.36761904e-10		-1.01512007e-09
1.38076658	2.37022107e-10		9.85831947e-10
1.38425337	-6.38892074e-10		-7.45527839e-10
1.38774015	8.84381977e-10		3.56073815e-10
1.39122694	-9.27284002e-10		9.05461698e-11
1.39471372	7.68211964e-10		-4.94041371e-10
1.39820050	-4.52302232e-10		7.68521382e-10
1.40168729	5.70460320e-11		-8.60939940e-10
1.40517407	3.26561863e-10		7.61304660e-10
1.40866086	-6.14999551e-10		-5.02724322e-10
1.41214764	7.50484399e-10		1.51759010e-10
1.41563443	-7.12531104e-10		2.08279084e-10
1.41912121	5.20513861e-10		-4.96945837e-10
1.42260799	-2.27099779e-10		6.54608208e-10
1.42609478	-9.54940787e-11		-6.54716012e-10
1.42958156	3.72927249e-10		5.07899381e-10
1.43306835	-5.45686280e-10		-2.57383342e-10
1.43655513	5.81718703e-10		-3.27736760e-11
1.44004192	-4.82095869e-10		2.93540226e-10
1.44352870	2.78787185e-10		-4.67010404e-10
1.44701548	-2.54890995e-11		5.19026670e-10
1.45050227	-2.15999583e-10		-4.45611125e-10
1.45398905	3.90472012e-10		2.72065479e-10
1.45747584	-4.61630508e-10		-4.53587636e-11
1.46096262	4.19319438e-10		-1.78055206e-10
1.46444941	-2.80294725e-10		3.45904871e-10
1.46793619	8.27275919e-11		-4.21992963e-10
1.47142297	1.23916015e-10		3.93650894e-10
1.47490976	-2.90998534e-10		-2.73279869e-10
1.47839654	3.81902210e-10		9.39698078e-11
1.48188333	-3.79746699e-10		9.94266672e-11
1.48537011	2.90055609e-10		-2.61405036e-10
1.48885690	-1.38072433e-10		3.56374547e-10
1.49234368	-3.83030887e-11		-3.66245184e-10
1.49583046	1.98024090e-10		2.93456308e-10
1.49931725	-3.06471663e-10		-1.59042967e-10
1.50280403	3.42862939e-10		-3.46660148e-12
1.50629082	-3.03925757e-10		1.56597439e-10
1.50977760	2.03267194e-10		-2.67735677e-10
1.51326439	-6.69238896e-11		3.16111455e-10
1.51675117	-7.35508744e-11		-2.96462215e-10
1.52023795	1.88631954e-10		2.18791992e-10
1.52372474	-2.57170741e-10		-1.04627389e-10
1.52721152	2.70166590e-10		-1.90166228e-11
1.53069831	-2.31329965e-10		1.26297392e-10
1.53418509	1.54647924e-10		-1.98166196e-10
1.53767188	-5.98789009e-11		2.25700320e-10
1.54115866	-3.26774727e-11		-2.10591570e-10
1.54464544	1.06752783e-10		1.63015617e-10
1.54813223	-1.52966281e-10		-9.77589271e-11
1.55161901	1.69479804e-10		2.98438747e-11
1.55510580	-1.60614326e-10		2.91084706e-11
1.55859258	1.34134382e-10		-7.28789153e-11
1.56207937	-9.82017232e-11		1.00678939e-10
1.56556615	5.89804882e-11		-1.15488289e-10
1.56905293	-1.95678503e-11		1.21471503e-10
-1.56905293	-1.95678503e-11		-1.21471503e-10
-1.56556615	5.89804882e-11		1.15488289e-10
-1.56207937	-9.82017232e-11		-1.00678939e-10
-1.55859258	1.34134382e-10		7.28789153e-11
-1.55510580	-1.60614326e-10		-2.91084706e-11
-1.55161901	1.69479804e-10		-2.98438747e-11
-1.54813223	-1.52966281e-10		9.77589271e-11
-1.54464544	1.06752783e-10		-1.63015617e-10
-1.54115866	-3.26774727e-11		2.10591570e-10
-1.53767188	-5.98789009e-11		-2.25700320e-10
-1.53418509	1.54647924e-10		1.98166196e-10
-1.53069831	-2.31329965e-10		-1.26297392e-10
-1.52721152	2.70166590e-10		1.90166228e-11
-1.52372474	-2.57170741e-10		1.04627389e-10
-1.52023795	1.88631954e-10		-2.18791992e-10
-1.51675117	-7.35508744e-11		2.96462215e-10
-1.51326439	-6.69238896e-11		-3.16111455e-10
-1.50977760	2.03267194e-10		2.67735677e-10
-1.50629082	-3.03925757e-10		-1.56597439e-10
-1.50280403	3.42862939e-10		3.46660148e-12
-1.49931725	-3.06471663e-10		1.59042967e-10
-1.49583046	1.98024090e-10		-2.93456308e-10
-1.49234368	-3.83030887e-11		3.66245184e-10
-1.48885690	-1.38072433e-10		-3.56374547e-10
-1.48537011	2.90055609e-10		2.61405036e-10
-1.48188333	-3.79746699e-10		-9.94266672e-11
-1.47839654	3.81902210e-10		-9.39698078e-11
-1.47490976	-2.90998534e-10		2.73279869e-10
-1.47142297	1.23916015e-10		-3.93650894e-10
-1.46793619	8.27275919e-11		4.21992963e-10
-1.46444941	-2.80294725e-10		-3.45904871e-10
-1.46096262	4.19319438e-10		1.78055206e-10
-1.45747584	-4.61630508e-10		4.53587636e-11
-1.45398905	3.90472012e-10		-2.72065479e-10
-1.45050227	-2.15999583e-10		4.45611125e-10
-1.44701548	-2.54890995e-11		-5.19026670e-10
-1.44352870	2.78787185e-10		4.67010404e-10
-1.44004192	-4.82095869e-10		-2.93540226e-10
-1.43655513	5.81718703e-10		3.27736760e-11
-1.43306835	-5.45686280e-10		2.57383342e-10
-1.42958156	3.72927249e-10		-5.07899381e-10
-1.42609478	-9.54940787e-11		6.54716012e-10
-1.42260799	-2.27099779e-10		-6.54608208e-10
-1.41912121	5.20513861e-10		4.96945837e-10
-1.41563443	-7.12531104e-10		-2.08279084e-10
-1.41214764	7.50484399e-10		-1.51759010e-10
-1.40866086	-6.14999551e-10		5.02724322e-10
-1.40517407	3.26561863e-10		-7.61304660e-10
-1.40168729	5.70460320e-11		8.60939940e-10
-1.39820050	-4.52302232e-10		-7.68521382e-10
-1.39471372	7.68211964e-10		4.94041371e-10
-1.39122694	-9.27284002e-10		-9.05461698e-11
-1.38774015	8.84381977e-10		-3.56073815e-10
-1.38425337	-6.38892074e-10		7.45527839e-10
-1.38076658	2.37022107e-10		-9.85831947e-10
-1.37727980	2.36761904e-10		1.01512007e-09
-1.37379301	-6.77633149e-10		-8.17384401e-10
-1.37030623	9.83838443e-10		4.28181211e-10
-1.36681945	-1.08040729e-09		7.14616527e-11
-1.36333266	9.37590831e-10		-5.71992211e-10
-1.35984588	-5.79501254e-10		9.59600258e-10
-1.35635909	8.05456562e-11		-1.14240496e-09
-1.35287231	4.49978194e-10		1.07250813e-09
-1.34938552	-8.91964520e-10		-7.58600293e-10
-1.34589874	1.14194753e-09		2.65829103e-10
-1.34241196	-1.13761908e-09		2.97489360e-10
-1.33892517	8.73582619e-10		-8.03662757e-10
-1.33543839	-4.04360621e-10		1.13470710e-09
-1.33195160	-1.66476138e-10		-1.21009207e-09
-1.32846482	7.08972563e-10		1.00660551e-09
-1.32497803	-1.09632551e-09		-5.65427722e-10
-1.32149125	1.23459552e-09		-1.56525290e-11
-1.31800447	-1.08563579e-09		6.03525916e-10
-1.31451768	6.77645400e-10		-1.05998301e-09
-1.31103090	-1.00478526e-10		1.27404927e-09
-1.30754411	-5.13670359e-10		-1.18890044e-09
-1.30405733	1.02012922e-09		8.16857503e-10
-1.30057054	-1.29547288e-09		-2.38556894e-10
-1.29708376	1.26730020e-09		-4.14009662e-10
-1.29359698	-9.32932333e-10		9.87104579e-10
-1.29011019	3.62275600e-10		-1.34093278e-09
-1.28662341	3.16336503e-10		1.38319594e-09
-1.28313662	-9.44543597e-10		-1.09253645e-09
-1.27964984	1.37038292e-09		5.26015368e-10
-1.27616305	-1.48443076e-09		1.91664624e-10
-1.27267627	1.24714836e-09		-8.95260888e-10
-1.26918948	-7.00707435e-10		1.41658430e-09
-1.26570270	-3.80056661e-11		-1.62409358e-09
-1.26221592	8.02198283e-10		1.45524967e-09
-1.25872913	-1.41257128e-09		-9.33784150e-10
-1.25524235	1.71896489e-09		1.67316731e-10
-1.25175556	-1.63663539e-09		6.74786624e-10
-1.24826878	1.16848856e-09		-1.39879704e-09
-1.24478199	-4.07597192e-10		1.83101367e-09
-1.24129521	-4.81245809e-10		-1.85902006e-09
-1.23780843	1.29733075e-09		1.46006689e-09
-1.23432164	-1.84941502e-09		-7.09534190e-10
-1.23083486	2.00042849e-09		-2.33151247e-10
-1.22734807	-1.70107383e-09		1.15859424e-09
-1.22386129	1.00415384e-09		-1.85421743e-09
-1.22037450	-5.56893391e-11		2.15328196e-09
-1.21688772	-9.35831323e-10		-1.97482754e-09
-1.21340094	1.74560570e-09		1.34498486e-09
-1.20991415	-2.18383455e-09		-3.94156841e-10
-1.20642737	2.14046097e-09		-6.69990917e-10
-1.20294058	-1.61277246e-09		1.60817325e-09
-1.19945380	7.08979848e-10		-2.20371761e-09
-1.19596701	3.73734290e-10		2.31306067e-09
-1.19248023	-1.39232204e-09		-1.90070552e-09
-1.18899345	2.11272413e-09		1.05011502e-09
-1.18550666	-2.36407737e-09		5.26299305e-11
-1.18201988	2.07969247e-09		-1.15933988e-09
-1.17853309	-1.31494963e-09		2.01563031e-09
-1.17504631	2.37355296e-10		-2.41966078e-09
-1.17155952	9.09655575e-10		2.27012994e-09
-1.16807274	-1.86144214e-09		-1.59209510e-09
-1.16458596	2.39316225e-09		5.34042150e-10
-1.16109917	-2.37302916e-09		6.63849771e-10
-1.15761239	1.79522113e-09		-1.72359747e-09
-1.15412560	-7.84247797e-10		2.39346671e-09
-1.15063882	-4.30991455e-10		-2.50751038e-09
-1.14715203	1.56820424e-09		2.02657358e-09
-1.14366525	-2.35651921e-09		-1.05069408e-09
-1.14017847	2.60035006e-09		-2.00768986e-10
-1.13669168	-2.22735849e-09		1.43750980e-09
-1.13320490	1.30886303e-09		-2.36462290e-09
-1.12971811	-4.71486669e-11		2.75189856e-09
-1.12623133	-1.26829504e-09		-2.48992965e-09
-1.12274454	2.32626501e-09		1.61951515e-09
-1.11925776	-2.86637932e-09		-3.26696719e-10
-1.11577098	2.74189854e-09		-1.09642791e-09
-1.11228419	-1.95785365e-09		2.31697174e-09
-1.10879741	6.74821873e-10		-3.03813072e-09
-1.10531062	8.23579862e-10		3.07004583e-09
-1.10182384	-2.19300894e-09		-2.37791428e-09
-1.09833705	3.10689986e-09		1.09541106e-09
-1.09485027	-3.33335323e-09		5.00791476e-10
-1.09136349	2.79244524e-09		-2.05068231e-09
-1.08787670	-1.58000409e-09		3.19192323e-09
-1.08438992	-4.87232313e-11		-3.64402882e-09
-1.08090313	1.73296536e-09		3.27624225e-09
-1.07741635	-3.08653068e-09		-2.14283386e-09
-1.07392956	3.78634156e-09		4.76624552e-10
-1.07044278	-3.64912980e-09		1.35904310e-09
-1.06695600	2.67816447e-09		-2.95001788e-09
-1.06346921	-1.06829250e-09		3.92522966e-09
-1.05998243	-8.33114992e-10		-4.04344810e-09
-1.05649564	2.60157500e-09		3.25263230e-09
-1.05300886	-3.83088637e-09		-1.70735349e-09
-1.04952207	4.22703122e-09		-2.60937041e-10
-1.04603529	-3.67884333e-09		2.21525610e-09
-1.04254851	2.28846391e-09		-3.71072612e-09
-1.03906172	-3.53433542e-10		4.39666169e-09
-1.03557494	-1.69676555e-09		-4.09962901e-09
-1.03208815	3.39628242e-09		2.86776015e-09
-1.02860137	-4.34934656e-09		-9.65036373e-10
-1.02511458	4.32325411e-09		-1.18446385e-09
-1.02162780	-3.30600667e-09		3.09076101e-09
-1.01814102	1.51431486e-09		-4.30979710e-09
-1.01465423	6.51200245e-10		4.54741410e-09
-1.01116745	-2.69461068e-09		-3.73114826e-09
-1.00768066	4.13767812e-09		2.03231259e-09
-1.00419388	-4.63163326e-09		1.68086331e-10
-1.00070709	4.04170421e-09		-2.36316878e-09
-0.99722031	-2.48397451e-09		4.03556091e-09
-0.99373353	3.04671233e-10		-4.77829870e-09
-0.99024674	1.99489272e-09		4.39320144e-09
-0.98675996	-3.87174645e-09		-2.94310923e-09
-0.98327317	4.86767811e-09		7.44453944e-10
-0.97978639	-4.71948693e-09		1.69984497e-09
-0.97629960	3.42681876e-09		-3.81324365e-09
-0.97281282	-1.26043692e-09		5.07918050e-09
-0.96932604	-1.29284669e-09		-5.16480395e-09
-0.96583925	3.63769304e-09		4.00555704e-09
-0.96235247	-5.20674262e-09		-1.82957340e-09
-0.95886568	5.59513196e-09		-8.85780228e-10
-0.95537890	-4.66151316e-09		3.51729234e-09
-0.95189211	2.57085652e-09		-5.43706378e-09
-0.94840533	2.32924655e-10		6.15973628e-09
-0.94491855	-3.12053291e-09		-5.46162986e-09
-0.94143176	5.41748993e-09		3.44303062e-09
-0.93794498	-6.55993312e-09		-5.17140987e-10
-0.93445819	6.23028142e-09		-2.67428768e-09
-0.93097141	-4.44051677e-09		5.40157228e-09
-0.92748462	1.54190346e-09		-7.01324797e-09
-0.92399784	1.84367489e-09		7.09006422e-09
-0.92051105	-4.95756092e-09		-5.55068253e-09
-0.91702427	7.07459372e-09		2.68290874e-09
-0.91353749	-7.67163521e-09		9.09333015e-10
-0.91005070	6.55530384e-09		-4.43389221e-09
-0.90656392	-3.91799950e-09		7.08611194e-09
-0.90307713	3.06862494e-10		-8.23337394e-09
-0.89959035	3.49006510e-09		7.56613428e-09
-0.89610356	-6.61692378e-09		-5.17947348e-09
-0.89261678	8.34434787e-09		1.56407498e-09
-0.88913000	-8.24083973e-09		2.49419950e-09
-0.88564321	6.28091336e-09		-6.08586439e-09
-0.88215643	-2.86303110e-09		8.38312379e-09
-0.87866964	-1.26965148e-09		-8.83257155e-09
-0.87518286	5.19046195e-09		7.29034706e-09
-0.87169607	-7.99759508e-09		-4.06670756e-09
-0.86820929	9.02295526e-09		-1.33093409e-10
-0.86472251	-7.99310971e-09		4.36112093e-09
-0.86123572	5.10355808e-09		-7.63982314e-09
-0.85774894	-9.86384119e-10		9.18826863e-09
-0.85426215	-3.42454116e-09		-8.60939256e-09
-0.85077537	7.10270174e-09		5.99346112e-09
-0.84728858	-9.16611648e-09		-1.91098780e-09
-0.84380180	9.08819079e-09		-2.70681404e-09
-0.84031502	-6.83218168e-09		6.77582120e-09
-0.83682823	2.87531569e-09		-9.30941680e-09
-0.83334145	1.88684129e-09		9.65440113e-09
-0.82985466	-6.33755281e-09		-7.65665487e-09
-0.82636788	9.39505706e-09		3.71524002e-09
-0.82288109	-1.02698123e-08		1.29179722e-09
-0.81939431	8.66257930e-09		-6.19727909e-09
-0.81590753	-4.85464949e-09		9.81024256e-09
-0.81242074	-3.35116273e-10		-1.11974324e-08
-0.80893396	5.72162072e-09		9.91551950e-09
-0.80544717	-1.00182252e-08		-6.13757139e-09
-0.80196039	1.21365847e-08		6.39769448e-10
-0.79847360	-1.14528384e-08		5.35435182e-09
-0.79498682	7.97640775e-09		-1.04416985e-08
-0.79150004	-2.37774249e-09		1.33615835e-08
-0.78801325	-4.13758164e-09		-1.32989421e-08
-0.78452647	1.00857318e-08		1.00971620e-08
-0.78103968	-1.40383112e-08		-4.32689506e-09
-0.77755290	1.49585390e-08		-2.81156457e-09
-0.77406611	-1.24618038e-08		9.73701687e-09
-0.77057933	6.93666785e-09		-1.48361248e-08
-0.76709255	5.07980099e-10		1.68357086e-08
-0.76360576	-8.26509930e-09		-1.51132946e-08
-0.76011898	1.45770469e-08		9.87127251e-09
-0.75663219	-1.79336205e-08		-2.12837016e-09
-0.75314541	1.74307921e-08		-6.47756632e-09
-0.74965862	-1.30055512e-08		1.40381245e-08
-0.74617184	5.48727183e-09		-1.88002722e-08
-0.74268506	3.55414275e-09		1.95747295e-08
-0.73919827	-1.21369885e-08		-1.60318268e-08
-0.73571149	1.83050393e-08		8.81188415e-09
-0.73222470	-2.05770830e-08		5.83085455e-10
-0.72873792	1.83055071e-08		-1.01004194e-08
-0.72525113	-1.18573753e-08		1.75871424e-08
-0.72176435	2.56880262e-09		-2.12812755e-08
-0.71827757	7.52621536e-09		2.02321891e-08
-0.71479078	-1.61391206e-08		-1.45497956e-08
-0.71130400	2.12467142e-08		5.41780155e-09
-0.70781721	-2.15702929e-08		5.14178120e-09
-0.70433043	1.69010097e-08		-1.47084717e-08
-0.70084364	-8.18926782e-09		2.10136916e-08
-0.69735686	-2.63280064e-09		-2.24780488e-08
-0.69387008	1.30659763e-08		1.86094853e-08
-0.69038329	-2.06093293e-08		-1.01630310e-08
-0.68689651	2.33508301e-08		-9.85972171e-10
-0.68340972	-2.04459436e-08		1.22385792e-08
-0.67992294	1.23666148e-08		-2.08583517e-08
-0.67643615	-8.51052931e-10		2.46180914e-08
-0.67294937	-1.14486885e-08		-2.23578540e-08
-0.66946259	2.15537192e-08		1.43181641e-08
-0.66597580	-2.68538501e-08		-2.15807065e-09
-0.66248902	2.57535434e-08		-1.13631351e-08
-0.65900223	-1.81133002e-08		2.29839281e-08
-0.65551545	5.37097275e-09		-2.96929397e-08
-0.65202866	9.70395477e-09		2.94671491e-08
-0.64854188	-2.35867830e-08		-2.18210136e-08
-0.64505510	3.27888720e-08		8.02580813e-09
-0.64156831	-3.46908882e-08		9.07266051e-09
-0.63808153	2.82250314e-08		-2.56201988e-08
-0.63459474	-1.42368555e-08		3.75957409e-08
-0.63110796	-4.57835421e-09		-4.17488676e-08
-0.62762117	2.41771033e-08		3.64204952e-08
-0.62413439	-4.00185300e-08		-2.20477745e-08
-0.62064761	4.80893158e-08		1.21505105e-09
-0.61716082	-4.58759991e-08		2.17907595e-08
-0.61367404	3.30558221e-08		-4.18499564e-08
-0.61018725	-1.17277465e-08		5.41318215e-08
-0.60670047	-1.38999431e-08		-5.52259880e-08
-0.60321368	3.83290553e-08		4.40233408e-08
-0.59972690	-5.59424037e-08		-2.21274354e-08
-0.59624012	6.22798245e-08		-6.32858730e-09
-0.59275333	-5.51329156e-08		3.54559852e-08
-0.58926655	3.51953681e-08		-5.88357767e-08
-0.58577976	-6.09090017e-09		7.09434736e-08
-0.58229298	-2.62677534e-08		-6.84593637e-08
-0.57880619	5.48847758e-08		5.11567556e-08
-0.57531941	-7.32116550e-08		-2.21377695e-08
-0.57183263	7.66713929e-08		-1.26787567e-08
-0.56834584	-6.38256880e-08		4.57470714e-08
-0.56485906	3.68931977e-08		-6.95315446e-08
-0.56137227	-1.45687044e-09		7.82425272e-08
-0.55788549	-3.46258172e-08		-6.92768834e-08
-0.55439870	6.29112275e-08		4.40108139e-08
-0.55091192	-7.63062268e-08		-7.71823687e-09
-0.54742513	7.08209278e-08		-3.14255047e-08
-0.54393835	-4.67169552e-08		6.40859809e-08
-0.54045157	8.73996024e-09		-8.19045168e-08
-0.53696478	3.46858865e-08		7.95551349e-08
-0.53347800	-7.31923443e-08		-5.62361657e-08
-0.52999121	9.67974266e-08		1.62032368e-08
-0.52650443	-9.83337093e-08		3.18574732e-08
-0.52301764	7.54133222e-08		-7.65630562e-08
-0.51953086	-3.14288617e-08		1.06359990e-07
-0.51604408	-2.47298725e-08		-1.12316562e-07
-0.51255729	8.02938970e-08		9.05477559e-08
-0.50907051	-1.21313923e-07		-4.36674484e-08
-0.50558372	1.35912906e-07		-1.91669697e-08
-0.50209694	-1.17387618e-07		8.37670986e-08
-0.49861015	6.64214299e-08		-1.33786980e-07
-0.49512337	8.19800142e-09		1.54428091e-07
-0.49163659	-9.06811051e-08		-1.36202133e-07
-0.48814980	1.61101952e-07		7.78855441e-08
-0.48466302	-1.99563937e-07		1.21058038e-08
-0.48117623	1.90860161e-07		-1.16415505e-07
-0.47768945	-1.28626550e-07		2.11596493e-07
-0.47420266	1.79922787e-08		-2.72713390e-07
-0.47071588	1.24040405e-07		2.78863022e-07
-0.46722910	-2.70834984e-07		-2.18482979e-07
-0.46374231	3.90787216e-07		9.32406426e-08
-0.46025553	-4.53676047e-07		8.05254549e-08
-0.45676874	4.37507929e-07		-2.73417828e-07
-0.45328196	-3.34427311e-07		4.47653843e-07
-0.44979517	1.54312460e-07		-5.64147437e-07
-0.44630839	7.49778411e-08		5.90754833e-07
-0.44282161	-3.11139205e-07		-5.10054784e-07
-0.43933482	5.04415765e-07		3.24954882e-07
-0.43584804	-6.06967485e-07		-6.06900104e-08
-0.43236125	5.82911261e-07		-2.37616054e-07
-0.42887447	-4.17015707e-07		5.11813822e-07
-0.42538768	1.20095736e-07		-7.01078945e-07
-0.42190090	2.70370670e-07		7.53988190e-07
-0.41841412	-6.95053949e-07		-6.40011910e-07
-0.41492733	1.08262131e-06		3.57986738e-07
-0.41144055	-1.36316578e-06		6.05110404e-08
-0.40795376	1.48288550e-06		-5.54155975e-07
-0.40446698	-1.41719199e-06		1.04134041e-06
-0.40098019	1.17945228e-06		-1.43494114e-06
-0.39749341	-8.23153562e-07		1.66002658e-06
-0.39400663	4.36354287e-07		-1.67131440e-06
-0.39051984	-1.28684322e-07		1.46690535e-06
-0.38703306	1.26316559e-08		-1.09518679e-06
-0.38354627	-1.82124910e-07		6.52803758e-07
-0.38005949	6.92225240e-07		-2.73098639e-07
-0.37657270	-1.54388556e-06		1.06173798e-07
-0.37308592	2.67713840e-06		-2.93422491e-07
-0.36959914	-3.97479181e-06		9.40674180e-07
-0.36611235	5.27693497e-06		-2.09473529e-06
-0.36262557	-6.40458081e-06		3.72790458e-06
-0.35913878	7.18895528e-06		-5.73397876e-06
-0.35565200	-7.50163506e-06		7.93747355e-06
-0.35216521	7.28021198e-06		-1.01155476e-05
-0.34867843	-6.54457537e-06		1.20298125e-05
-0.34519165	5.40023456e-06		-1.34632574e-05
-0.34170486	-4.02716952e-06		1.42562912e-05
-0.33821808	2.65516280e-06		-1.43356714e-05
-0.33473129	-1.52900924e-06		1.37309496e-05
-0.33124451	8.68976508e-07		-1.25749207e-05
-0.32775772	-8.33020149e-07		1.10871406e-05
-0.32427094	1.48729579e-06		-9.54244402e-06
-0.32078416	-2.79039894e-06		8.22906291e-06
-0.31729737	4.59464607e-06		-7.40292366e-06
-0.31381059	-6.66492240e-06		7.24561794e-06
-0.31032380	8.71262961e-06		-7.83318828e-06
-0.30683702	-1.04395926e-05		9.12126358e-06
-0.30335023	1.15849124e-05		-1.09494611e-05
-0.29986345	-1.19670393e-05		1.30647703e-05
-0.29637667	1.15139469e-05		-1.51603963e-05
-0.29288988	-1.02761465e-05		1.69238315e-05
-0.28940310	8.42009303e-06		-1.80862438e-05
-0.28591631	-6.20283592e-06		1.84649224e-05
-0.28242953	3.93197501e-06		-1.79916109e-05
-0.27894274	-1.91754455e-06		1.67219111e-05
-0.27545596	4.23887658e-07		-1.48241622e-05
-0.27196918	3.70361594e-07		1.25497445e-05
-0.26848239	-3.97436999e-07		-1.01899885e-05
-0.26499561	-2.93451211e-07		8.02721958e-06
-0.26150882	1.54993266e-06		-6.28850636e-06
-0.25802204	-3.14760124e-06		5.11020571e-06
-0.25453525	4.83278384e-06		-4.51947957e-06
-0.25104847	-6.36923435e-06		4.43592841e-06
-0.24756169	7.58034477e-06		-4.69287449e-06
-0.24407490	-8.37927687e-06		5.07427963e-06
-0.24058812	8.78159528e-06		-5.36043470e-06
-0.23710133	-8.89814447e-06		5.37393052e-06
-0.23361455	8.90949748e-06		-5.01731759e-06
-0.23012776	-9.02667062e-06		4.29531460e-06
-0.22664098	9.44533892e-06		-3.31718850e-06
-0.22315420	-1.03020389e-05		2.27851285e-06
-0.21966741	1.16405739e-05		-1.42528035e-06
-0.21618063	-1.33950812e-05		1.00662167e-06
-0.21269384	1.53932861e-05		-1.22457313e-06
-0.20920706	-1.73798683e-05		2.19003687e-06
-0.20572027	1.90562534e-05		-3.89314918e-06
-0.20223349	-2.01301421e-05		6.19386733e-06
-0.19874671	2.03662617e-05		-8.83511704e-06
-0.19525992	-1.96294788e-05		1.14769186e-05
-0.19177314	1.79126290e-05		-1.37462191e-05
-0.18828635	-1.53439825e-05		1.52943520e-05
-0.18479957	1.21727213e-05		-1.58526177e-05
-0.18131278	-8.73455946e-06		1.52766838e-05
-0.17782600	5.40301919e-06		-1.35723047e-05
-0.17433921	-2.53431155e-06		1.08979487e-05
-0.17085243	4.14831205e-07		-7.54375014e-06
-0.16736565	7.80207178e-07		3.89012549e-06
-0.16387886	-1.01039030e-06		-3.52717933e-07
-0.16039208	3.72407851e-07		-2.67748295e-06
-0.15690529	9.18960470e-07		4.88932939e-06
-0.15341851	-2.56764973e-06		-6.09341928e-06
-0.14993172	4.24453276e-06		6.24445938e-06
-0.14644494	-5.63897744e-06		-5.44115239e-06
-0.14295816	6.50534909e-06		3.90439185e-06
-0.13947137	-6.69718262e-06		-1.93802683e-06
-0.13598459	6.18404855e-06		-1.20885818e-07
-0.13249780	-5.04919076e-06		1.95401201e-06
-0.12901102	3.46927152e-06		-3.30755119e-06
-0.12552423	-1.68045538e-06		4.02502842e-06
-0.12203745	-6.28848707e-08		-4.06265532e-06
-0.11855067	1.52966556e-06		3.48594374e-06
-0.11506388	-2.54698873e-06		-2.44940747e-06
-0.11157710	3.02314015e-06		1.16385209e-06
-0.10809031	-2.95571550e-06		1.42498543e-07
-0.10460353	2.42459737e-06		-1.26220699e-06
-0.10111674	-1.57208232e-06		2.03994039e-06
-0.09762996	5.74471656e-07		-2.39231485e-06
-0.09414318	3.89426373e-07		2.31397886e-06
-0.09065639	-1.16732672e-06		-1.87017055e-06
-0.08716961	1.65534139e-06		1.17827067e-06
-0.08368282	-1.80963189e-06		-3.82539000e-07
-0.08019604	1.64681130e-06		-3.72982184e-07
-0.07670925	-1.23412053e-06		9.68563332e-07
-0.07322247	6.72102050e-07		-1.32603883e-06
-0.06973569	-7.35588602e-08		1.41695835e-06
-0.06624890	-4.57128059e-07		-1.26122511e-06
-0.06276212	8.40729798e-07		9.17547123e-07
-0.05927533	-1.03344431e-06		-4.68352396e-07
-0.05578855	1.02965751e-06		2.52084798e-09
-0.05230176	-8.57626271e-07		4.00706907e-07
-0.04881498	5.69773360e-07		-6.83905259e-07
-0.04532820	-2.30082568e-07		8.18052811e-07
-0.04184141	-9.86869693e-08		-8.03125894e-07
-0.03835463	3.65571434e-07		6.63475474e-07
-0.03486784	-5.38118190e-07		-4.39653802e-07
-0.03138106	6.04596819e-07		1.78798543e-07
-0.02789427	-5.72050210e-07		7.43616701e-08
-0.02440749	4.61321989e-07		-2.84279259e-07
-0.02092071	-3.00638494e-07		4.28270124e-07
-0.01743392	1.19358828e-07		-4.97051207e-07
-0.01394714	5.68266714e-08		4.92777005e-07
-0.01046035	-2.08553098e-07		-4.25657623e-07
-0.00697357	3.23265296e-07		3.10345971e-07
-0.00348678	-3.94083631e-07		-1.63065286e-07
