901
omega		real			imaginary
0.00000000	-1.28789472e-06		0.00000000e+00
0.00348678	1.19911382e-06		-1.12026351e-07
0.00697357	-9.33422780e-07		2.31397414e-07
0.01046035	4.97965627e-07		-3.54828111e-07
0.01394714	8.05464909e-08		4.62409102e-07
0.01743392	-7.41478036e-07		-5.19301865e-07
0.02092071	1.38299271e-06		4.85498187e-07
0.02440749	-1.86888182e-06		-3.31068442e-07
0.02789427	2.05231277e-06		5.20342207e-08
0.03138106	-1.81341036e-06		3.18861029e-07
0.03486784	1.10178790e-06		-7.11277694e-07
0.03835463	2.86274032e-08		1.02852564e-06
0.04184141	-1.40542279e-06		-1.16959906e-06
0.04532820	2.75340714e-06		1.05712251e-06
0.04881498	-3.74229911e-06		-6.63848878e-07
0.05230176	4.05964981e-06		2.97642504e-08
0.05578855	-3.49401931e-06		7.36486974e-07
0.05927533	2.00820486e-06		-1.47449903e-06
0.06276212	2.18095971e-07		2.00517397e-06
0.06624890	-2.79175964e-06		-2.17309626e-06
0.06973569	5.16167956e-06		1.88800710e-06
0.07322247	-6.71964468e-06		-1.15424881e-06
0.07670925	6.92807808e-06		7.90104766e-08
0.08019604	-5.44744206e-06		1.14520327e-06
0.08368282	2.23339817e-06		-2.28221148e-06
0.08716961	2.42183923e-06		3.10980928e-06
0.09065639	-7.91861468e-06		-3.48037956e-06
0.09414318	1.34487929e-05		3.36931099e-06
0.09762996	-1.81477002e-05		-2.89760803e-06
0.10111674	2.12687877e-05		2.32017117e-06
0.10460353	-2.23435975e-05		-1.97889898e-06
0.10809031	2.12907396e-05		2.22833010e-06
0.11157710	-1.84471591e-05		-3.34897830e-06
0.11506388	1.45111822e-05		5.46792356e-06
0.11855067	-1.04061769e-05		-8.50631562e-06
0.12203745	7.09181395e-06		1.21688780e-05
0.12552423	-5.36260791e-06		-1.59820139e-05
0.12901102	5.67755758e-06		1.93764209e-05
0.13249780	-8.05906008e-06		-2.17995595e-05
0.13598459	1.20848522e-05		2.28353333e-05
0.13947137	-1.69765976e-05		-2.23049240e-05
0.14295816	2.17673336e-05		2.03249436e-05
0.14644494	-2.55121473e-05		-1.73067619e-05
0.14993172	2.74962710e-05		1.38926323e-05
0.15341851	-2.73946906e-05		-1.08377035e-05
0.15690529	2.53475123e-05		8.85928196e-06
0.16039208	-2.19335569e-05		-8.48307281e-06
0.16387886	1.80469507e-05		9.91855813e-06
0.16736565	-1.47028792e-05		-1.29913851e-05
0.17085243	1.28144081e-05		1.71502436e-05
0.17433921	-1.29888181e-05		-2.15511737e-05
0.17782600	1.53878038e-05		2.52064497e-05
0.18131278	-1.96820709e-05		-2.71714094e-05
0.18479957	2.51104194e-05		2.67337451e-05
0.18828635	-3.06308606e-05		-2.35678423e-05
0.19177314	3.51316507e-05		1.78223213e-05
0.19525992	-3.76575922e-05		-1.01210633e-05
0.19874671	3.76041894e-05		1.47438875e-06
0.20223349	-3.48396883e-05		6.88551698e-06
0.20572027	2.97308566e-05		-1.37158258e-05
0.20920706	-2.30689778e-05		1.79822557e-05
0.21269384	1.59133622e-05		-1.90453582e-05
0.21618063	-9.38625149e-06		1.67787254e-05
0.21966741	4.46189751e-06		-1.15964445e-05
0.22315420	-1.79219241e-06		4.38402674e-06
0.22664098	1.60198486e-06		3.65492386e-06
0.23012776	-3.67146358e-06		-1.12083567e-05
0.23361455	7.40438908e-06		1.70834403e-05
0.23710133	-1.19635920e-05		-2.04108850e-05
0.24058812	1.64426493e-05		2.07892624e-05
0.24407490	-2.00373671e-05		-1.83441494e-05
0.24756169	2.21833153e-05		1.36929028e-05
0.25104847	-2.26350990e-05		-7.82326393e-06
0.25453525	2.14768386e-05		1.90948888e-06
0.25802204	-1.90682195e-05		2.89953934e-06
0.26150882	1.59432044e-05		-5.68162533e-06
0.26499561	-1.26865524e-05		5.89647649e-06
0.26848239	9.81532751e-06		-3.46875982e-06
0.27196918	-7.68871617e-06		-1.21315932e-06
0.27545596	6.46108326e-06		7.37935704e-06
0.27894274	-6.08252567e-06		-1.40235749e-05
0.28242953	6.34077127e-06		2.00832173e-05
0.28591631	-6.93034690e-06		-2.46209004e-05
0.28940310	7.53095923e-06		2.69756683e-05
0.29288988	-7.87742142e-06		-2.68590329e-05
0.29637667	7.80762080e-06		2.43821549e-05
0.29986345	-7.28158034e-06		-2.00134993e-05
0.30335023	6.37186300e-06		1.44786842e-05
0.30683702	-5.23171127e-06		-8.62376005e-06
0.31032380	4.05116247e-06		3.26824019e-06
0.31381059	-3.01238228e-06		9.25806668e-07
0.31729737	2.25379295e-06		-3.54705721e-06
0.32078416	-1.84902261e-06		4.47741279e-06
0.32427094	1.80238321e-06		-3.88055296e-06
0.32775772	-2.05863723e-06		2.14335936e-06
0.33124451	2.52211451e-06		2.15115977e-07
0.33473129	-3.07922582e-06		-2.64791344e-06
0.33821808	3.61903310e-06		4.67779256e-06
0.34170486	-4.04831506e-06		-5.97142577e-06
0.34519165	4.29982113e-06		6.37926179e-06
0.34867843	-4.33443540e-06		-5.93754283e-06
0.35216521	4.13925585e-06		4.83630490e-06
0.35565200	-3.72391508e-06		-3.36311312e-06
0.35913878	3.11692880e-06		1.83578833e-06
0.36262557	-2.36281186e-06		-5.38024460e-07
0.36611235	1.51961205e-06		-3.30275801e-07
0.36959914	-6.55802206e-07		6.80245359e-07
0.37308592	-1.54609141e-07		-5.36353716e-07
0.37657270	8.39328100e-07		1.63593316e-08
0.38005949	-1.33697996e-06		7.04432410e-07
0.38354627	1.60681294e-06		-1.43564247e-06
0.38703306	-1.63672407e-06		2.01177858e-06
0.39051984	1.44732443e-06		-2.32203014e-06
0.39400663	-1.09037137e-06		2.32519213e-06
0.39749341	6.41098754e-07		-2.04857494e-06
0.40098019	-1.85461605e-07		1.57314633e-06
0.40446698	-1.95329074e-07		-1.00969172e-06
0.40795376	4.39762454e-07		4.72041703e-07
0.41144055	-5.17185331e-07		-5.32790737e-08
0.41492733	4.32625053e-07		-1.90514251e-07
0.41841412	-2.24149798e-07		2.46558275e-07
0.42190090	-4.66472995e-08		-1.41714259e-07
0.42538768	3.08862902e-07		-6.90299416e-08
0.42887447	-4.97952230e-07		3.18408386e-07
0.43236125	5.69325876e-07		-5.43055497e-07
0.43584804	-5.06914247e-07		6.96454079e-07
0.43933482	3.24996395e-07		-7.56260326e-07
0.44282161	-6.32132925e-08		7.25165685e-07
0.44630839	-2.23733076e-07		-6.26004939e-07
0.44979517	4.79038302e-07		4.93021766e-07
0.45328196	-6.56289580e-07		-3.61827586e-07
0.45676874	7.28677088e-07		2.60561892e-07
0.46025553	-6.93063775e-07		-2.04163070e-07
0.46374231	5.68396945e-07		1.92690349e-07
0.46722910	-3.89318271e-07		-2.13564813e-07
0.47071588	1.96894282e-07		2.46681416e-07
0.47420266	-2.89061562e-08		-2.70781372e-07
0.47768945	-8.79811469e-08		2.69358814e-07
0.48117623	1.42526346e-07		-2.34686291e-07
0.48466302	-1.39071372e-07		1.69160906e-07
0.48814980	9.40075494e-08		-8.39169461e-08
0.49163659	-2.98645098e-08		-4.67046059e-09
0.49512337	-3.12172392e-08		7.95098040e-08
0.49861015	7.29162659e-08		-1.27119295e-07
0.50209694	-8.78298724e-08		1.40697633e-07
0.50558372	7.77593747e-08		-1.21294905e-07
0.50907051	-5.14918422e-08		7.69698914e-08
0.51255729	2.10161180e-08		-2.03277839e-08
0.51604408	2.58033707e-09		-3.48059543e-08
0.51953086	-1.23484572e-08		7.66793165e-08
0.52301764	7.04161710e-09		-9.80736304e-08
0.52650443	9.23844329e-09		9.74127135e-08
0.52999121	-2.89864201e-08		-7.83903402e-08
0.53347800	4.40783472e-08		4.83665950e-08
0.53696478	-4.84770080e-08		-1.60657188e-08
0.54045157	4.00486791e-08		-1.07711331e-08
0.54393835	-2.10163944e-08		2.71808937e-08
0.54742513	-2.98094924e-09		-3.18266240e-08
0.55091192	2.48368038e-08		2.67880299e-08
0.55439870	-3.82731910e-08		-1.64694995e-08
0.55788549	3.97664179e-08		6.01403441e-09
0.56137227	-2.95399902e-08		2.96396158e-10
0.56485906	1.13740592e-08		-2.16164116e-10
0.56834584	8.65302725e-09		-5.99609939e-09
0.57183263	-2.40648121e-08		1.58828856e-08
0.57531941	2.99342653e-08		-2.57153865e-08
0.57880619	-2.43000816e-08		3.17329318e-08
0.58229298	8.65717333e-09		-3.13206514e-08
0.58577976	1.25832485e-08		2.37944212e-08
0.58926655	-3.34627365e-08		-1.05920366e-08
0.59275333	4.82403947e-08		-5.15407585e-09
0.59624012	-5.30250937e-08		1.95149339e-08
0.59972690	4.68097224e-08		-2.88640295e-08
0.60321368	-3.16366515e-08		3.08655160e-08
0.60670047	1.18870032e-08		-2.50847089e-08
0.61018725	7.06093318e-09		1.30690084e-08
0.61367404	-2.03891492e-08		2.10242026e-09
0.61716082	2.51565514e-08		-1.66586321e-08
0.62064761	-2.10100957e-08		2.71268364e-08
0.62413439	1.01182932e-08		-3.12035409e-08
0.62762117	3.61241184e-09		2.82825170e-08
0.63110796	-1.57742958e-08		-1.95173182e-08
0.63459474	2.27667297e-08		7.42569937e-09
0.63808153	-2.27937870e-08		4.83567768e-09
0.64156831	1.62781472e-08		-1.43173589e-08
0.64505510	-5.60160920e-09		1.90146058e-08
0.64854188	-5.71713565e-09		-1.83086970e-08
0.65202866	1.41382509e-08		1.30141270e-08
0.65551545	-1.71680480e-08		-5.04476954e-09
0.65900223	1.40660414e-08		-3.18667560e-09
0.66248902	-5.99964288e-09		9.45688616e-09
0.66597580	-4.37532246e-09		-1.23160019e-08
0.66946259	1.37609091e-08		1.14158502e-08
0.67294937	-1.92238941e-08		-7.50964817e-09
0.67643615	1.90607238e-08		2.14502689e-09
0.67992294	-1.32716576e-08		2.84448434e-09
0.68340972	3.51912125e-09		-5.89458537e-09
0.68689651	7.39936142e-09		6.15273250e-09
0.69038329	-1.63929532e-08		-3.68900987e-09
0.69387008	2.09781369e-08		-5.72393970e-10
0.69735686	-1.99748470e-08		5.16764033e-09
0.70084364	1.38039918e-08		-8.55213677e-09
0.70433043	-4.31505756e-09		9.56593299e-09
0.70781721	-5.78889359e-09		-7.77161922e-09
0.71130400	1.37478859e-08		3.57228001e-09
0.71479078	-1.75256583e-08		1.91696598e-09
0.71827757	1.63508261e-08		-7.19938283e-09
0.72176435	-1.08734071e-08		1.08287721e-08
0.72525113	2.90852957e-09		-1.18176590e-08
0.72873792	5.14059602e-09		9.90665957e-09
0.73222470	-1.09997881e-08		-5.62303552e-09
0.73571149	1.31678862e-08		1.18135861e-10
0.73919827	-1.13050123e-08		5.16404931e-09
0.74268506	6.26470944e-09		-8.88924454e-09
0.74617184	2.22591857e-10		1.01915055e-08
0.74965862	-6.10625994e-09		-8.88956904e-09
0.75314541	9.63858267e-09		5.50568932e-09
0.75663219	-9.87877648e-09		-1.08905833e-09
0.76011898	6.93513513e-09		-3.09930527e-09
0.76360576	-1.88529958e-09		5.94644683e-09
0.76709255	-3.58845073e-09		-6.78924984e-09
0.77057933	7.72974119e-09		5.57543403e-09
0.77406611	-9.24122204e-09		-2.84403559e-09
0.77755290	7.66244387e-09		-4.61682826e-10
0.78103968	-3.48617299e-09		3.28874908e-09
0.78452647	-2.01239476e-09		-4.78781208e-09
0.78801325	7.17373792e-09		4.55442846e-09
0.79150004	-1.04548984e-08		-2.73124107e-09
0.79498682	1.08826409e-08		-5.37830566e-11
0.79847360	-8.32735600e-09		2.88984730e-09
0.80196039	3.52298706e-09		-4.86341768e-09
0.80544717	2.16505560e-09		5.33216756e-09
0.80893396	-7.14855757e-09		-4.11310222e-09
0.81242074	1.00773765e-08		1.53209686e-09
0.81590753	-1.02171862e-08		1.67651722e-09
0.81939431	7.63756712e-09		-4.58806036e-09
0.82288109	-3.16272897e-09		6.35779403e-09
0.82636788	-1.89226015e-09		-6.46428868e-09
0.82985466	6.11548762e-09		4.85625633e-09
0.83334145	-8.40358169e-09		-1.96251406e-09
0.83682823	8.26084042e-09		-1.43507432e-09
0.84031502	-5.90990694e-09		4.42654997e-09
0.84380180	2.18981787e-09		-6.23044650e-09
0.84728858	1.71989024e-09		6.40827048e-09
0.85077537	-4.66116691e-09		-4.97695794e-09
0.85426215	5.83605534e-09		2.39003452e-09
0.85774894	-5.02367028e-09		6.03541969e-10
0.86123572	2.61685842e-09		-3.17919178e-09
0.86472251	5.24868911e-10		4.67025983e-09
0.86820929	-3.35532315e-09		-4.74832449e-09
0.87169607	4.96644706e-09		3.50052386e-09
0.87518286	-4.85982344e-09		-1.38520667e-09
0.87866964	3.08599110e-09		-9.17220215e-10
0.88215643	-2.14487316e-10		2.71167554e-09
0.88564321	-2.85113842e-09		-3.49203311e-09
0.88913000	5.15366820e-09		3.08196596e-09
0.89261678	-5.97188684e-09		-1.67396173e-09
0.89610356	5.03338355e-09		-2.41750437e-10
0.89959035	-2.58951588e-09		2.03425325e-09
0.90307713	-6.66036456e-10		-3.12636529e-09
0.90656392	3.80713799e-09		3.16812751e-09
0.91005070	-5.94856653e-09		-2.13861839e-09
0.91353749	6.50120801e-09		3.47596207e-10
0.91702427	-5.33508948e-09		1.66146752e-09
0.92051105	2.80537699e-09		-3.27645329e-09
0.92399784	3.62198296e-10		3.99985180e-09
0.92748462	-3.28895297e-09		-3.59592559e-09
0.93097141	5.19757326e-09		2.15907865e-09
0.93445819	-5.62831689e-09		-8.45944076e-11
0.93794498	4.55588407e-09		-2.04819778e-09
0.94143176	-2.37676965e-09		3.64486365e-09
0.94491855	-2.24317532e-10		-4.26688666e-09
0.94840533	2.48546045e-09		3.75505804e-09
0.95189211	-3.79147661e-09		-2.27031590e-09
0.95537890	3.84493735e-09		2.41788049e-10
0.95886568	-2.73637108e-09		1.76105177e-09
0.96235247	8.97131488e-10		-3.19353447e-09
0.96583925	1.04647486e-09		3.68968951e-09
0.96932604	-2.47079970e-09		-3.16068471e-09
0.97281282	2.94362487e-09		1.81074945e-09
0.97629960	-2.34827137e-09		-6.81463474e-11
0.97978639	9.08298506e-10		-1.54647346e-09
0.98327317	8.91302169e-10		2.57431976e-09
0.98675996	-2.45963732e-09		-2.74972905e-09
0.99024674	3.28340300e-09		2.07073915e-09
0.99373353	-3.08269694e-09		-7.89994722e-10
0.99722031	1.89331011e-09		-6.69147685e-10
1.00070709	-5.27327197e-11		1.84458875e-09
1.00419388	-1.90373814e-09		-2.37530649e-09
1.00768066	3.40395342e-09		2.10744747e-09
1.01116745	-4.00806784e-09		-1.13602745e-09
1.01465423	3.53585354e-09		-2.28703686e-10
1.01814102	-2.11571386e-09		1.55865437e-09
1.02162780	1.42871308e-10		-2.43882747e-09
1.02511458	1.83885019e-09		2.59225107e-09
1.02860137	-3.29527041e-09		-1.96188728e-09
1.03208815	3.85307527e-09		7.25918980e-10
1.03557494	-3.40037900e-09		7.57052218e-10
1.03906172	2.10906345e-09		-2.05558261e-09
1.04254851	-3.74974101e-10		2.79313526e-09
1.04603529	-1.30389886e-09		-2.75800800e-09
1.04952207	2.47373024e-09		1.96335739e-09
1.05300886	-2.85228307e-09		-6.40491190e-10
1.05649564	2.40110484e-09		-8.31467507e-10
1.05998243	-1.32360411e-09		2.03779698e-09
1.06346921	-7.48585434e-12		-2.64863514e-09
1.06695600	1.16914230e-09		2.51227328e-09
1.07044278	-1.81665853e-09		-1.69456028e-09
1.07392956	1.78339072e-09		4.54059024e-10
1.07741635	-1.12310551e-09		8.38324567e-10
1.08090313	8.43845792e-11		-1.81040368e-09
1.08438992	9.72923782e-10		2.19716230e-09
1.08787670	-1.69229314e-09		-1.91481787e-09
1.09136349	1.83081533e-09		1.07957102e-09
1.09485027	-1.33219291e-09		3.30940718e-11
1.09833705	3.41469868e-10		-1.07505423e-09
1.10182384	8.41521167e-10		1.73136881e-09
1.10531062	-1.85467653e-09		-1.81345197e-09
1.10879741	2.38348134e-09		1.31224056e-09
1.11228419	-2.25511879e-09		-3.96479787e-10
1.11577098	1.48918076e-09		-6.42129294e-10
1.11925776	-2.90814263e-10		1.47942278e-09
1.12274454	-1.01053799e-09		-1.85717658e-09
1.12623133	2.05769438e-09		1.65990064e-09
1.12971811	-2.56856616e-09		-9.47524981e-10
1.13320490	2.41512178e-09		-6.49559931e-11
1.13669168	-1.65610219e-09		1.07385765e-09
1.14017847	5.15219859e-10		-1.77861351e-09
1.14366525	6.87284156e-10		1.97124871e-09
1.14715203	-1.62848179e-09		-1.59695295e-09
1.15063882	2.07400156e-09		7.68259931e-10
1.15412560	-1.94032790e-09		2.70562628e-10
1.15761239	1.31112513e-09		-1.21747058e-09
1.16109917	-4.04564686e-10		1.80234758e-09
1.16458596	-4.96923844e-10		-1.86561784e-09
1.16807274	1.13244490e-09		1.40273721e-09
1.17155952	-1.33815891e-09		-5.62097596e-10
1.17504631	1.09067072e-09		-4.02067813e-10
1.17853309	-5.06692071e-10		1.20689353e-09
1.18201988	-1.99254552e-10		-1.62471107e-09
1.18550666	7.84921528e-10		1.54854640e-09
1.18899345	-1.05623887e-09		-1.02031328e-09
1.19248023	9.26029630e-10		2.14217506e-10
1.19596701	-4.38374759e-10		6.18647232e-10
1.19945380	-2.47756472e-10		-1.22713299e-09
1.20294058	9.09620550e-10		1.43494016e-09
1.20642737	-1.33032084e-09		-1.19132916e-09
1.20991415	1.36556273e-09		5.83088323e-10
1.21340094	-9.87533663e-10		1.94918114e-10
1.21688772	2.93184285e-10		-9.00879618e-10
1.22037450	5.24923909e-10		1.31985972e-09
1.22386129	-1.23586915e-09		-1.32794201e-09
1.22734807	1.63825121e-09		9.27709570e-10
1.23083486	-1.61847385e-09		-2.45042463e-10
1.23432164	1.18248221e-09		-5.11001310e-10
1.23780843	-4.52216183e-10		1.11244850e-09
1.24129521	-3.71383413e-10		-1.38108604e-09
1.24478199	1.06721725e-09		1.24090565e-09
1.24826878	-1.45702948e-09		-7.38955158e-10
1.25175556	1.45415661e-09		2.90020568e-11
1.25524235	-1.08431697e-09		6.76346432e-10
1.25872913	4.73330146e-10		-1.17010522e-09
1.26221592	1.93504453e-10		1.31234757e-09
1.26570270	-7.27494904e-10		-1.07032653e-09
1.26918948	9.91134432e-10		5.25756402e-10
1.27267627	-9.35227218e-10		1.52200673e-10
1.27616305	6.08325347e-10		-7.59407116e-10
1.27964984	-1.36785971e-10		1.11842205e-09
1.28313662	-3.17473367e-10		-1.13072097e-09
1.28662341	6.08059013e-10		8.04058876e-10
1.29011019	-6.48386219e-10		-2.47366055e-10
1.29359698	4.36077504e-10		-3.64530232e-10
1.29708376	-5.07664204e-11		8.45069440e-10
1.30057054	-3.73206905e-10		-1.05231010e-09
1.30405733	6.90209777e-10		9.30500803e-10
1.30754411	-7.89235506e-10		-5.24730007e-10
1.31103090	6.28318228e-10		-3.51147945e-11
1.31451768	-2.47243750e-10		5.75532783e-10
1.31800447	-2.44872459e-10		-9.32757647e-10
1.32149125	7.02934019e-10		1.00192307e-09
1.32497803	-9.89737988e-10		-7.67336898e-10
1.32846482	1.01703376e-09		3.05184230e-10
1.33195160	-7.71539430e-10		2.41512143e-10
1.33543839	3.18426456e-10		-7.07479043e-10
1.33892517	2.18355013e-10		9.55428732e-10
1.34241196	-6.92647200e-10		-9.16664096e-10
1.34589874	9.78422708e-10		6.10037904e-10
1.34938552	-1.00531491e-09		-1.34068385e-10
1.35287231	7.77087416e-10		-3.64756115e-10
1.35635909	-3.68091198e-10		7.37327862e-10
1.35984588	-1.00611981e-10		-8.76885188e-10
1.36333266	4.97828711e-10		7.50007186e-10
1.36681945	-7.20360812e-10		-4.04611044e-10
1.37030623	7.21412596e-10		-4.68872607e-11
1.37379301	-5.21248976e-10		4.63512055e-10
1.37727980	1.97605179e-10		-7.19373346e-10
1.38076658	1.40542436e-10		7.41561661e-10
1.38425337	-3.87388472e-10		-5.30910854e-10
1.38774015	4.72267085e-10		1.59736001e-10
1.39122694	-3.79631164e-10		2.52192502e-10
1.39471372	1.51413047e-10		-5.75574328e-10
1.39820050	1.28364037e-10		7.11487227e-10
1.40168729	-3.61472095e-10		-6.21037107e-10
1.40517407	4.66962655e-10		3.35929802e-10
1.40866086	-4.06492758e-10		5.28201491e-11
1.41214764	1.95858826e-10		-4.24079527e-10
1.41563443	1.00507495e-10		6.64338429e-10
1.41912121	-3.90055646e-10		-7.02256914e-10
1.42260799	5.81079421e-10		5.29519337e-10
1.42609478	-6.11114236e-10		-2.01936304e-10
1.42958156	4.66095652e-10		-1.79073018e-10
1.43306835	-1.84573304e-10		4.98475271e-10
1.43655513	-1.54084824e-10		-6.62964133e-10
1.44004192	4.53687511e-10		6.28734630e-10
1.44352870	-6.29975834e-10		-4.13365588e-10
1.44701548	6.35392346e-10		8.85750087e-11
1.45050227	-4.72480800e-10		2.43419526e-10
1.45398905	1.92103673e-10		-4.82217977e-10
1.45747584	1.22681846e-10		5.60028869e-10
1.46096262	-3.81941908e-10		-4.61456918e-10
1.46444941	5.15567421e-10		2.26453724e-10
1.46793619	-4.93302458e-10		6.40330949e-11
1.47142297	3.32241405e-10		-3.14785660e-10
1.47490976	-8.98630249e-11		4.46751728e-10
1.47839654	-1.54902034e-10		-4.21569720e-10
1.48188333	3.26499044e-10		2.52628835e-10
1.48537011	-3.75750583e-10		5.04700946e-13
1.48885690	2.94048408e-10		-2.52175606e-10
1.49234368	-1.14609079e-10		4.18601436e-10
1.49583046	-9.92722721e-11		-4.44716820e-10
1.49931725	2.75034437e-10		3.21425553e-10
1.50280403	-3.54077252e-10		-8.79600266e-11
1.50629082	3.10132321e-10		-1.81162577e-10
1.50977760	-1.57139626e-10		4.00224010e-10
1.51326439	-5.56594231e-11		-4.99642602e-10
1.51675117	2.59695692e-10		4.47864093e-10
1.52023795	-3.88976636e-10		-2.60950553e-10
1.52372474	4.01001107e-10		-3.00180180e-12
1.52721152	-2.90147692e-10		2.62645890e-10
1.53069831	8.94075945e-11		-4.39245477e-10
1.53418509	1.39999827e-10		4.81331283e-10
1.53767188	-3.27811692e-10		-3.80357716e-10
1.54115866	4.16669712e-10		1.72522751e-10
1.54464544	-3.79969849e-10		7.36286466e-11
1.54813223	2.30063496e-10		-2.79668492e-10
1.55161901	-1.42894027e-11		3.82508505e-10
1.55510580	-1.99886267e-10		-3.54275286e-10
1.55859258	3.45958994e-10		2.10529720e-10
1.56207937	-3.79116945e-10		-4.32265804e-12
1.56556615	2.90155365e-10		-1.91846374e-10
1.56905293	-1.08251099e-10		3.10219047e-10
-1.56905293	-1.08251099e-10		-3.10219047e-10
-1.56556615	2.90155365e-10		1.91846374e-10
-1.56207937	-3.79116945e-10		4.32265804e-12
-1.55859258	3.45958994e-10		-2.10529720e-10
-1.55510580	-1.99886267e-10		3.54275286e-10
-1.55161901	-1.42894027e-11		-3.82508505e-10
-1.54813223	2.30063496e-10		2.79668492e-10
-1.54464544	-3.79969849e-10		-7.36286466e-11
-1.54115866	4.16669712e-10		-1.72522751e-10
-1.53767188	-3.27811692e-10		3.80357716e-10
-1.53418509	1.39999827e-10		-4.81331283e-10
-1.53069831	8.94075945e-11		4.39245477e-10
-1.52721152	-2.90147692e-10		-2.62645890e-10
-1.52372474	4.01001107e-10		3.00180180e-12
-1.52023795	-3.88976636e-10		2.60950553e-10
-1.51675117	2.59695692e-10		-4.47864093e-10
-1.51326439	-5.56594231e-11		4.99642602e-10
-1.50977760	-1.57139626e-10		-4.00224010e-10
-1.50629082	3.10132321e-10		1.81162577e-10
-1.50280403	-3.54077252e-10		8.79600266e-11
-1.49931725	2.75034437e-10		-3.21425553e-10
-1.49583046	-9.92722721e-11		4.44716820e-10
-1.49234368	-1.14609079e-10		-4.18601436e-10
-1.48885690	2.94048408e-10		2.52175606e-10
-1.48537011	-3.75750583e-10		-5.04700946e-13
-1.48188333	3.26499044e-10		-2.52628835e-10
-1.47839654	-1.54902034e-10		4.21569720e-10
-1.47490976	-8.98630249e-11		-4.46751728e-10
-1.47142297	3.32241405e-10		3.14785660e-10
-1.46793619	-4.93302458e-10		-6.40330949e-11
-1.46444941	5.15567421e-10		-2.26453724e-10
-1.46096262	-3.81941908e-10		4.61456918e-10
-1.45747584	1.22681846e-10		-5.60028869e-10
-1.45398905	1.92103673e-10		4.82217977e-10
-1.45050227	-4.72480800e-10		-2.43419526e-10
-1.44701548	6.35392346e-10		-8.85750087e-11
-1.44352870	-6.29975834e-10		4.13365588e-10
-1.44004192	4.53687511e-10		-6.28734630e-10
-1.43655513	-1.54084824e-10		6.62964133e-10
-1.43306835	-1.84573304e-10		-4.98475271e-10
-1.42958156	4.66095652e-10		1.79073018e-10
-1.42609478	-6.11114236e-10		2.01936304e-10
-1.42260799	5.81079421e-10		-5.29519337e-10
-1.41912121	-3.90055646e-10		7.02256914e-10
-1.41563443	1.00507495e-10		-6.64338429e-10
-1.41214764	1.95858826e-10		4.24079527e-10
-1.40866086	-4.06492758e-10		-5.28201491e-11
-1.40517407	4.66962655e-10		-3.35929802e-10
-1.40168729	-3.61472095e-10		6.21037107e-10
-1.39820050	1.28364037e-10		-7.11487227e-10
-1.39471372	1.51413047e-10		5.75574328e-10
-1.39122694	-3.79631164e-10		-2.52192502e-10
-1.38774015	4.72267085e-10		-1.59736001e-10
-1.38425337	-3.87388472e-10		5.30910854e-10
-1.38076658	1.40542436e-10		-7.41561661e-10
-1.37727980	1.97605179e-10		7.19373346e-10
-1.37379301	-5.21248976e-10		-4.63512055e-10
-1.37030623	7.21412596e-10		4.68872607e-11
-1.36681945	-7.20360812e-10		4.04611044e-10
-1.36333266	4.97828711e-10		-7.50007186e-10
-1.35984588	-1.00611981e-10		8.76885188e-10
-1.35635909	-3.68091198e-10		-7.37327862e-10
-1.35287231	7.77087416e-10		3.64756115e-10
-1.34938552	-1.00531491e-09		1.34068385e-10
-1.34589874	9.78422708e-10		-6.10037904e-10
-1.34241196	-6.92647200e-10		9.16664096e-10
-1.33892517	2.18355013e-10		-9.55428732e-10
-1.33543839	3.18426456e-10		7.07479043e-10
-1.33195160	-7.71539430e-10		-2.41512143e-10
-1.32846482	1.01703376e-09		-3.05184230e-10
-1.32497803	-9.89737988e-10		7.67336898e-10
-1.32149125	7.02934019e-10		-1.00192307e-09
-1.31800447	-2.44872459e-10		9.32757647e-10
-1.31451768	-2.47243750e-10		-5.75532783e-10
-1.31103090	6.28318228e-10		3.51147945e-11
-1.30754411	-7.89235506e-10		5.24730007e-10
-1.30405733	6.90209777e-10		-9.30500803e-10
-1.30057054	-3.73206905e-10		1.05231010e-09
-1.29708376	-5.07664204e-11		-8.45069440e-10
-1.29359698	4.36077504e-10		3.64530232e-10
-1.29011019	-6.48386219e-10		2.47366055e-10
-1.28662341	6.08059013e-10		-8.04058876e-10
-1.28313662	-3.17473367e-10		1.13072097e-09
-1.27964984	-1.36785971e-10		-1.11842205e-09
-1.27616305	6.08325347e-10		7.59407116e-10
-1.27267627	-9.35227218e-10		-1.52200673e-10
-1.26918948	9.91134432e-10		-5.25756402e-10
-1.26570270	-7.27494904e-10		1.07032653e-09
-1.26221592	1.93504453e-10		-1.31234757e-09
-1.25872913	4.73330146e-10		1.17010522e-09
-1.25524235	-1.08431697e-09		-6.76346432e-10
-1.25175556	1.45415661e-09		-2.90020568e-11
-1.24826878	-1.45702948e-09		7.38955158e-10
-1.24478199	1.06721725e-09		-1.24090565e-09
-1.24129521	-3.71383413e-10		1.38108604e-09
-1.23780843	-4.52216183e-10		-1.11244850e-09
-1.23432164	1.18248221e-09		5.11001310e-10
-1.23083486	-1.61847385e-09		2.45042463e-10
-1.22734807	1.63825121e-09		-9.27709570e-10
-1.22386129	-1.23586915e-09		1.32794201e-09
-1.22037450	5.24923909e-10		-1.31985972e-09
-1.21688772	2.93184285e-10		9.00879618e-10
-1.21340094	-9.87533663e-10		-1.94918114e-10
-1.20991415	1.36556273e-09		-5.83088323e-10
-1.20642737	-1.33032084e-09		1.19132916e-09
-1.20294058	9.09620550e-10		-1.43494016e-09
-1.19945380	-2.47756472e-10		1.22713299e-09
-1.19596701	-4.38374759e-10		-6.18647232e-10
-1.19248023	9.26029630e-10		-2.14217506e-10
-1.18899345	-1.05623887e-09		1.02031328e-09
-1.18550666	7.84921528e-10		-1.54854640e-09
-1.18201988	-1.99254552e-10		1.62471107e-09
-1.17853309	-5.06692071e-10		-1.20689353e-09
-1.17504631	1.09067072e-09		4.02067813e-10
-1.17155952	-1.33815891e-09		5.62097596e-10
-1.16807274	1.13244490e-09		-1.40273721e-09
-1.16458596	-4.96923844e-10		1.86561784e-09
-1.16109917	-4.04564686e-10		-1.80234758e-09
-1.15761239	1.31112513e-09		1.21747058e-09
-1.15412560	-1.94032790e-09		-2.70562628e-10
-1.15063882	2.07400156e-09		-7.68259931e-10
-1.14715203	-1.62848179e-09		1.59695295e-09
-1.14366525	6.87284156e-10		-1.97124871e-09
-1.14017847	5.15219859e-10		1.77861351e-09
-1.13669168	-1.65610219e-09		-1.07385765e-09
-1.13320490	2.41512178e-09		6.49559931e-11
-1.12971811	-2.56856616e-09		9.47524981e-10
-1.12623133	2.05769438e-09		-1.65990064e-09
-1.12274454	-1.01053799e-09		1.85717658e-09
-1.11925776	-2.90814263e-10		-1.47942278e-09
-1.11577098	1.48918076e-09		6.42129294e-10
-1.11228419	-2.25511879e-09		3.96479787e-10
-1.10879741	2.38348134e-09		-1.31224056e-09
-1.10531062	-1.85467653e-09		1.81345197e-09
-1.10182384	8.41521167e-10		-1.73136881e-09
-1.09833705	3.41469868e-10		1.07505423e-09
-1.09485027	-1.33219291e-09		-3.30940718e-11
-1.09136349	1.83081533e-09		-1.07957102e-09
-1.08787670	-1.69229314e-09		1.91481787e-09
-1.08438992	9.72923782e-10		-2.19716230e-09
-1.08090313	8.43845792e-11		1.81040368e-09
-1.07741635	-1.12310551e-09		-8.38324567e-10
-1.07392956	1.78339072e-09		-4.54059024e-10
-1.07044278	-1.81665853e-09		1.69456028e-09
-1.06695600	1.16914230e-09		-2.51227328e-09
-1.06346921	-7.48585434e-12		2.64863514e-09
-1.05998243	-1.32360411e-09		-2.03779698e-09
-1.05649564	2.40110484e-09		8.31467507e-10
-1.05300886	-2.85228307e-09		6.40491190e-10
-1.04952207	2.47373024e-09		-1.96335739e-09
-1.04603529	-1.30389886e-09		2.75800800e-09
-1.04254851	-3.74974101e-10		-2.79313526e-09
-1.03906172	2.10906345e-09		2.05558261e-09
-1.03557494	-3.40037900e-09		-7.57052218e-10
-1.03208815	3.85307527e-09		-7.25918980e-10
-1.02860137	-3.29527041e-09		1.96188728e-09
-1.02511458	1.83885019e-09		-2.59225107e-09
-1.02162780	1.42871308e-10		2.43882747e-09
-1.01814102	-2.11571386e-09		-1.55865437e-09
-1.01465423	3.53585354e-09		2.28703686e-10
-1.01116745	-4.00806784e-09		1.13602745e-09
-1.00768066	3.40395342e-09		-2.10744747e-09
-1.00419388	-1.90373814e-09		2.37530649e-09
-1.00070709	-5.27327197e-11		-1.84458875e-09
-0.99722031	1.89331011e-09		6.69147685e-10
-0.99373353	-3.08269694e-09		7.89994722e-10
-0.99024674	3.28340300e-09		-2.07073915e-09
-0.98675996	-2.45963732e-09		2.74972905e-09
-0.98327317	8.91302169e-10		-2.57431976e-09
-0.97978639	9.08298506e-10		1.54647346e-09
-0.97629960	-2.34827137e-09		6.81463474e-11
-0.97281282	2.94362487e-09		-1.81074945e-09
-0.96932604	-2.47079970e-09		3.16068471e-09
-0.96583925	1.04647486e-09		-3.68968951e-09
-0.96235247	8.97131488e-10		3.19353447e-09
-0.95886568	-2.73637108e-09		-1.76105177e-09
-0.95537890	3.84493735e-09		-2.41788049e-10
-0.95189211	-3.79147661e-09		2.27031590e-09
-0.94840533	2.48546045e-09		-3.75505804e-09
-0.94491855	-2.24317532e-10		4.26688666e-09
-0.94143176	-2.37676965e-09		-3.64486365e-09
-0.93794498	4.55588407e-09		2.04819778e-09
-0.93445819	-5.62831689e-09		8.45944076e-11
-0.93097141	5.19757326e-09		-2.15907865e-09
-0.92748462	-3.28895297e-09		3.59592559e-09
-0.92399784	3.62198296e-10		-3.99985180e-09
-0.92051105	2.80537699e-09		3.27645329e-09
-0.91702427	-5.33508948e-09		-1.66146752e-09
-0.91353749	6.50120801e-09		-3.47596207e-10
-0.91005070	-5.94856653e-09		2.13861839e-09
-0.90656392	3.80713799e-09		-3.16812751e-09
-0.90307713	-6.66036456e-10		3.12636529e-09
-0.89959035	-2.58951588e-09		-2.03425325e-09
-0.89610356	5.03338355e-09		2.41750437e-10
-0.89261678	-5.97188684e-09		1.67396173e-09
-0.88913000	5.15366820e-09		-3.08196596e-09
-0.88564321	-2.85113842e-09		3.49203311e-09
-0.88215643	-2.14487316e-10		-2.71167554e-09
-0.87866964	3.08599110e-09		9.17220215e-10
-0.87518286	-4.85982344e-09		1.38520667e-09
-0.87169607	4.96644706e-09		-3.50052386e-09
-0.86820929	-3.35532315e-09		4.74832449e-09
-0.86472251	5.24868911e-10		-4.67025983e-09
-0.86123572	2.61685842e-09		3.17919178e-09
-0.85774894	-5.02367028e-09		-6.03541969e-10
-0.85426215	5.83605534e-09		-2.39003452e-09
-0.85077537	-4.66116691e-09		4.97695794e-09
-0.84728858	1.71989024e-09		-6.40827048e-09
-0.84380180	2.18981787e-09		6.23044650e-09
-0.84031502	-5.90990694e-09		-4.42654997e-09
-0.83682823	8.26084042e-09		1.43507432e-09
-0.83334145	-8.40358169e-09		1.96251406e-09
-0.82985466	6.11548762e-09		-4.85625633e-09
-0.82636788	-1.89226015e-09		6.46428868e-09
-0.82288109	-3.16272897e-09		-6.35779403e-09
-0.81939431	7.63756712e-09		4.58806036e-09
-0.81590753	-1.02171862e-08		-1.67651722e-09
-0.81242074	1.00773765e-08		-1.53209686e-09
-0.80893396	-7.14855757e-09		4.11310222e-09
-0.80544717	2.16505560e-09		-5.33216756e-09
-0.80196039	3.52298706e-09		4.86341768e-09
-0.79847360	-8.32735600e-09		-2.88984730e-09
-0.79498682	1.08826409e-08		5.37830566e-11
-0.79150004	-1.04548984e-08		2.73124107e-09
-0.78801325	7.17373792e-09		-4.55442846e-09
-0.78452647	-2.01239476e-09		4.78781208e-09
-0.78103968	-3.48617299e-09		-3.28874908e-09
-0.77755290	7.66244387e-09		4.61682826e-10
-0.77406611	-9.24122204e-09		2.84403559e-09
-0.77057933	7.72974119e-09		-5.57543403e-09
-0.76709255	-3.58845073e-09		6.78924984e-09
-0.76360576	-1.88529958e-09		-5.94644683e-09
-0.76011898	6.93513513e-09		3.09930527e-09
-0.75663219	-9.87877648e-09		1.08905833e-09
-0.75314541	9.63858267e-09		-5.50568932e-09
-0.74965862	-6.10625994e-09		8.88956904e-09
-0.74617184	2.22591857e-10		-1.01915055e-08
-0.74268506	6.26470944e-09		8.88924454e-09
-0.73919827	-1.13050123e-08		-5.16404931e-09
-0.73571149	1.31678862e-08		-1.18135861e-10
-0.73222470	-1.09997881e-08		5.62303552e-09
-0.72873792	5.14059602e-09		-9.90665957e-09
-0.72525113	2.90852957e-09		1.18176590e-08
-0.72176435	-1.08734071e-08		-1.08287721e-08
-0.71827757	1.63508261e-08		7.19938283e-09
-0.71479078	-1.75256583e-08		-1.91696598e-09
-0.71130400	1.37478859e-08		-3.57228001e-09
-0.70781721	-5.78889359e-09		7.77161922e-09
-0.70433043	-4.31505756e-09		-9.56593299e-09
-0.70084364	1.38039918e-08		8.55213677e-09
-0.69735686	-1.99748470e-08		-5.16764033e-09
-0.69387008	2.09781369e-08		5.72393970e-10
-0.69038329	-1.63929532e-08		3.68900987e-09
-0.68689651	7.39936142e-09		-6.15273250e-09
-0.68340972	3.51912125e-09		5.89458537e-09
-0.67992294	-1.32716576e-08		-2.84448434e-09
-0.67643615	1.90607238e-08		-2.14502689e-09
-0.67294937	-1.92238941e-08		7.50964817e-09
-0.66946259	1.37609091e-08		-1.14158502e-08
-0.66597580	-4.37532246e-09		1.23160019e-08
-0.66248902	-5.99964288e-09		-9.45688616e-09
-0.65900223	1.40660414e-08		3.18667560e-09
-0.65551545	-1.71680480e-08		5.04476954e-09
-0.65202866	1.41382509e-08		-1.30141270e-08
-0.64854188	-5.71713565e-09		1.83086970e-08
-0.64505510	-5.60160920e-09		-1.90146058e-08
-0.64156831	1.62781472e-08		1.43173589e-08
-0.63808153	-2.27937870e-08		-4.83567768e-09
-0.63459474	2.27667297e-08		-7.42569937e-09
-0.63110796	-1.57742958e-08		1.95173182e-08
-0.62762117	3.61241184e-09		-2.82825170e-08
-0.62413439	1.01182932e-08		3.12035409e-08
-0.62064761	-2.10100957e-08		-2.71268364e-08
-0.61716082	2.51565514e-08		1.66586321e-08
-0.61367404	-2.03891492e-08		-2.10242026e-09
-0.61018725	7.06093318e-09		-1.30690084e-08
-0.60670047	1.18870032e-08		2.50847089e-08
-0.60321368	-3.16366515e-08		-3.08655160e-08
-0.59972690	4.68097224e-08		2.88640295e-08
-0.59624012	-5.30250937e-08		-1.95149339e-08
-0.59275333	4.82403947e-08		5.15407585e-09
-0.58926655	-3.34627365e-08		1.05920366e-08
-0.58577976	1.25832485e-08		-2.37944212e-08
-0.58229298	8.65717333e-09		3.13206514e-08
-0.57880619	-2.43000816e-08		-3.17329318e-08
-0.57531941	2.99342653e-08		2.57153865e-08
-0.57183263	-2.40648121e-08		-1.58828856e-08
-0.56834584	8.65302725e-09		5.99609939e-09
-0.56485906	1.13740592e-08		2.16164116e-10
-0.56137227	-2.95399902e-08		-2.96396158e-10
-0.55788549	3.97664179e-08		-6.01403441e-09
-0.55439870	-3.82731910e-08		1.64694995e-08
-0.55091192	2.48368038e-08		-2.67880299e-08
-0.54742513	-2.98094924e-09		3.18266240e-08
-0.54393835	-2.10163944e-08		-2.71808937e-08
-0.54045157	4.00486791e-08		1.07711331e-08
-0.53696478	-4.84770080e-08		1.60657188e-08
-0.53347800	4.40783472e-08		-4.83665950e-08
-0.52999121	-2.89864201e-08		7.83903402e-08
-0.52650443	9.23844329e-09		-9.74127135e-08
-0.52301764	7.04161710e-09		9.80736304e-08
-0.51953086	-1.23484572e-08		-7.66793165e-08
-0.51604408	2.58033707e-09		3.48059543e-08
-0.51255729	2.10161180e-08		2.03277839e-08
-0.50907051	-5.14918422e-08		-7.69698914e-08
-0.50558372	7.77593747e-08		1.21294905e-07
-0.50209694	-8.78298724e-08		-1.40697633e-07
-0.49861015	7.29162659e-08		1.27119295e-07
-0.49512337	-3.12172392e-08		-7.95098040e-08
-0.49163659	-2.98645098e-08		4.67046059e-09
-0.48814980	9.40075494e-08		8.39169461e-08
-0.48466302	-1.39071372e-07		-1.69160906e-07
-0.48117623	1.42526346e-07		2.34686291e-07
-0.47768945	-8.79811469e-08		-2.69358814e-07
-0.47420266	-2.89061562e-08		2.70781372e-07
-0.47071588	1.96894282e-07		-2.46681416e-07
-0.46722910	-3.89318271e-07		2.13564813e-07
-0.46374231	5.68396945e-07		-1.92690349e-07
-0.46025553	-6.93063775e-07		2.04163070e-07
-0.45676874	7.28677088e-07		-2.60561892e-07
-0.45328196	-6.56289580e-07		3.61827586e-07
-0.44979517	4.79038302e-07		-4.93021766e-07
-0.44630839	-2.23733076e-07		6.26004939e-07
-0.44282161	-6.32132925e-08		-7.25165685e-07
-0.43933482	3.24996395e-07		7.56260326e-07
-0.43584804	-5.06914247e-07		-6.96454079e-07
-0.43236125	5.69325876e-07		5.43055497e-07
-0.42887447	-4.97952230e-07		-3.18408386e-07
-0.42538768	3.08862902e-07		6.90299416e-08
-0.42190090	-4.66472995e-08		1.41714259e-07
-0.41841412	-2.24149798e-07		-2.46558275e-07
-0.41492733	4.32625053e-07		1.90514251e-07
-0.41144055	-5.17185331e-07		5.32790737e-08
-0.40795376	4.39762454e-07		-4.72041703e-07
-0.40446698	-1.95329074e-07		1.00969172e-06
-0.40098019	-1.85461605e-07		-1.57314633e-06
-0.39749341	6.41098754e-07		2.04857494e-06
-0.39400663	-1.09037137e-06		-2.32519213e-06
-0.39051984	1.44732443e-06		2.32203014e-06
-0.38703306	-1.63672407e-06		-2.01177858e-06
-0.38354627	1.60681294e-06		1.43564247e-06
-0.38005949	-1.33697996e-06		-7.04432410e-07
-0.37657270	8.39328100e-07		-1.63593316e-08
-0.37308592	-1.54609141e-07		5.36353716e-07
-0.36959914	-6.55802206e-07		-6.80245359e-07
-0.36611235	1.51961205e-06		3.30275801e-07
-0.36262557	-2.36281186e-06		5.38024460e-07
-0.35913878	3.11692880e-06		-1.83578833e-06
-0.35565200	-3.72391508e-06		3.36311312e-06
-0.35216521	4.13925585e-06		-4.83630490e-06
-0.34867843	-4.33443540e-06		5.93754283e-06
-0.34519165	4.29982113e-06		-6.37926179e-06
-0.34170486	-4.04831506e-06		5.97142577e-06
-0.33821808	3.61903310e-06		-4.67779256e-06
-0.33473129	-3.07922582e-06		2.64791344e-06
-0.33124451	2.52211451e-06		-2.15115977e-07
-0.32775772	-2.05863723e-06		-2.14335936e-06
-0.32427094	1.80238321e-06		3.88055296e-06
-0.32078416	-1.84902261e-06		-4.47741279e-06
-0.31729737	2.25379295e-06		3.54705721e-06
-0.31381059	-3.01238228e-06		-9.25806668e-07
-0.31032380	4.05116247e-06		-3.26824019e-06
-0.30683702	-5.23171127e-06		8.62376005e-06
-0.30335023	6.37186300e-06		-1.44786842e-05
-0.29986345	-7.28158034e-06		2.00134993e-05
-0.29637667	7.80762080e-06		-2.43821549e-05
-0.29288988	-7.87742142e-06		2.68590329e-05
-0.28940310	7.53095923e-06		-2.69756683e-05
-0.28591631	-6.93034690e-06		2.46209004e-05
-0.28242953	6.34077127e-06		-2.00832173e-05
-0.27894274	-6.08252567e-06		1.40235749e-05
-0.27545596	6.46108326e-06		-7.37935704e-06
-0.27196918	-7.68871617e-06		1.21315932e-06
-0.26848239	9.81532751e-06		3.46875982e-06
-0.26499561	-1.26865524e-05		-5.89647649e-06
-0.26150882	1.59432044e-05		5.68162533e-06
-0.25802204	-1.90682195e-05		-2.89953934e-06
-0.25453525	2.14768386e-05		-1.90948888e-06
-0.25104847	-2.26350990e-05		7.82326393e-06
-0.24756169	2.21833153e-05		-1.36929028e-05
-0.24407490	-2.00373671e-05		1.83441494e-05
-0.24058812	1.64426493e-05		-2.07892624e-05
-0.23710133	-1.19635920e-05		2.04108850e-05
-0.23361455	7.40438908e-06		-1.70834403e-05
-0.23012776	-3.67146358e-06		1.12083567e-05
-0.22664098	1.60198486e-06		-3.65492386e-06
-0.22315420	-1.79219241e-06		-4.38402674e-06
-0.21966741	4.46189751e-06		1.15964445e-05
-0.21618063	-9.38625149e-06		-1.67787254e-05
-0.21269384	1.59133622e-05		1.90453582e-05
-0.20920706	-2.30689778e-05		-1.79822557e-05
-0.20572027	2.97308566e-05		1.37158258e-05
-0.20223349	-3.48396883e-05		-6.88551698e-06
-0.19874671	3.76041894e-05		-1.47438875e-06
-0.19525992	-3.76575922e-05		1.01210633e-05
-0.19177314	3.51316507e-05		-1.78223213e-05
-0.18828635	-3.06308606e-05		2.35678423e-05
-0.18479957	2.51104194e-05		-2.67337451e-05
-0.18131278	-1.96820709e-05		2.71714094e-05
-0.17782600	1.53878038e-05		-2.52064497e-05
-0.17433921	-1.29888181e-05		2.15511737e-05
-0.17085243	1.28144081e-05		-1.71502436e-05
-0.16736565	-1.47028792e-05		1.29913851e-05
-0.16387886	1.80469507e-05		-9.91855813e-06
-0.16039208	-2.19335569e-05		8.48307281e-06
-0.15690529	2.53475123e-05		-8.85928196e-06
-0.15341851	-2.73946906e-05		1.08377035e-05
-0.14993172	2.74962710e-05		-1.38926323e-05
-0.14644494	-2.55121473e-05		1.73067619e-05
-0.14295816	2.17673336e-05		-2.03249436e-05
-0.13947137	-1.69765976e-05		2.23049240e-05
-0.13598459	1.20848522e-05		-2.28353333e-05
-0.13249780	-8.05906008e-06		2.17995595e-05
-0.12901102	5.67755758e-06		-1.93764209e-05
-0.12552423	-5.36260791e-06		1.59820139e-05
-0.12203745	7.09181395e-06		-1.21688780e-05
-0.11855067	-1.04061769e-05		8.50631562e-06
-0.11506388	1.45111822e-05		-5.46792356e-06
-0.11157710	-1.84471591e-05		3.34897830e-06
-0.10809031	2.12907396e-05		-2.22833010e-06
-0.10460353	-2.23435975e-05		1.97889898e-06
-0.10111674	2.12687877e-05		-2.32017117e-06
-0.09762996	-1.81477002e-05		2.89760803e-06
-0.09414318	1.34487929e-05		-3.36931099e-06
-0.09065639	-7.91861468e-06		3.48037956e-06
-0.08716961	2.42183923e-06		-3.10980928e-06
-0.08368282	2.23339817e-06		2.28221148e-06
-0.08019604	-5.44744206e-06		-1.14520327e-06
-0.07670925	6.92807808e-06		-7.90104766e-08
-0.07322247	-6.71964468e-06		1.15424881e-06
-0.06973569	5.16167956e-06		-1.88800710e-06
-0.06624890	-2.79175964e-06		2.17309626e-06
-0.06276212	2.18095971e-07		-2.00517397e-06
-0.05927533	2.00820486e-06		1.47449903e-06
-0.05578855	-3.49401931e-06		-7.36486974e-07
-0.05230176	4.05964981e-06		-2.97642504e-08
-0.04881498	-3.74229911e-06		6.63848878e-07
-0.04532820	2.75340714e-06		-1.05712251e-06
-0.04184141	-1.40542279e-06		1.16959906e-06
-0.03835463	2.86274032e-08		-1.02852564e-06
-0.03486784	1.10178790e-06		7.11277694e-07
-0.03138106	-1.81341036e-06		-3.18861029e-07
-0.02789427	2.05231277e-06		-5.20342207e-08
-0.02440749	-1.86888182e-06		3.31068442e-07
-0.02092071	1.38299271e-06		-4.85498187e-07
-0.01743392	-7.41478036e-07		5.19301865e-07
-0.01394714	8.05464909e-08		-4.62409102e-07
-0.01046035	4.97965627e-07		3.54828111e-07
-0.00697357	-9.33422780e-07		-2.31397414e-07
-0.00348678	1.19911382e-06		1.12026351e-07
