901
omega		real			imaginary
0.00000000	-8.50720327e-07		0.00000000e+00
0.00348678	6.99783576e-07		-5.14642110e-07
0.00697357	-2.87015311e-07		8.61368959e-07
0.01046035	-2.76563656e-07		-9.16786550e-07
0.01394714	8.34416604e-07		6.36015467e-07
0.01743392	-1.22109383e-06		-6.79261346e-08
0.02092071	1.30235812e-06		-6.52485632e-07
0.02440749	-1.01024937e-06		1.33357221e-06
0.02789427	3.65201070e-07		-1.77231608e-06
0.03138106	5.20380908e-07		1.80550897e-06
0.03486784	-1.45912781e-06		-1.35508140e-06
0.03835463	2.22418801e-06		4.56518054e-07
0.04184141	-2.59704160e-06		7.37527536e-07
0.04532820	2.41845368e-06		-1.98118699e-06
0.04881498	-1.63195975e-06		2.98360729e-06
0.05230176	3.09934592e-07		-3.47242738e-06
0.05578855	1.34493469e-06		3.25933254e-06
0.05927533	-3.02545621e-06		-2.29299498e-06
0.06276212	4.37026356e-06		6.86321065e-07
0.06624890	-5.03056535e-06		1.29045426e-06
0.06973569	4.74108483e-06		-3.25245017e-06
0.07322247	-3.38102157e-06		4.77250748e-06
0.07670925	1.01170782e-06		-5.47017377e-06
0.08019604	2.11869181e-06		5.09957790e-06
0.08368282	-5.60711807e-06		-3.61729661e-06
0.08716961	8.96067828e-06		1.21412706e-06
0.09065639	-1.16843155e-05		1.69887359e-06
0.09414318	1.33752384e-05		-4.55080014e-06
0.09762996	-1.38058349e-05		6.70885515e-06
0.10111674	1.29779581e-05		-7.59662874e-06
0.10460353	-1.11362099e-05		6.81032424e-06
0.10809031	8.73537401e-06		-4.20979342e-06
0.11157710	-6.36603992e-06		-3.47625833e-08
0.11506388	4.65094441e-06		5.45148676e-06
0.11855067	-4.13084242e-06		-1.13314016e-05
0.12203745	5.16143318e-06		1.68382466e-05
0.12552423	-7.84131261e-06		-2.11440045e-05
0.12901102	1.19853014e-05		2.35652721e-05
0.13249780	-1.71488682e-05		-2.36753717e-05
0.13598459	2.26994567e-05		2.13718985e-05
0.13947137	-2.79213670e-05		-1.68882435e-05
0.14295816	3.21343421e-05		1.07486510e-05
0.14644494	-3.48035371e-05		-3.67723152e-06
0.14993172	3.56206169e-05		-3.52022759e-06
0.15341851	-3.45418918e-05		1.00785423e-05
0.15690529	3.17783203e-05		-1.53770487e-05
0.16039208	-2.77419735e-05		1.90079671e-05
0.16387886	2.29620630e-05		-2.08005670e-05
0.16736565	-1.79890961e-05		2.08022790e-05
0.17085243	1.33070181e-05		-1.92267298e-05
0.17433921	-9.27017024e-06		1.63846017e-05
0.17782600	6.07532160e-06		-1.26150659e-05
0.18131278	-3.77050019e-06		8.23312138e-06
0.18479957	2.29384473e-06		-3.50229699e-06
0.18828635	-1.52917615e-06		-1.36552952e-06
0.19177314	1.36190315e-06		6.18901328e-06
0.19525992	-1.71987203e-06		-1.07862877e-05
0.19874671	2.58852232e-06		1.49475524e-05
0.20223349	-3.99701260e-06		-1.84233127e-05
0.20572027	5.98003717e-06		2.09354322e-05
0.20920706	-8.52689399e-06		-2.22113494e-05
0.21269384	1.15333117e-05		2.20348142e-05
0.21618063	-1.47716054e-05		-2.03011364e-05
0.21966741	1.78908351e-05		1.70625790e-05
0.22315420	-2.04516536e-05		-1.25508043e-05
0.22664098	2.19920568e-05		7.16791224e-06
0.23012776	-2.21122635e-05		-1.44449952e-06
0.23361455	2.05613551e-05		-4.02933703e-06
0.23710133	-1.73064510e-05		8.68780821e-06
0.24058812	1.25676395e-05		-1.20721641e-05
0.24407490	-6.80817574e-06		1.38963452e-05
0.24756169	6.78322574e-07		-1.40829742e-05
0.25104847	5.07925730e-06		1.27632616e-05
0.25453525	-9.74646751e-06		-1.02418587e-05
0.25802204	1.27479615e-05		6.93475002e-06
0.26150882	-1.37485619e-05		-3.29338925e-06
0.26499561	1.27115050e-05		-2.69624784e-07
0.26848239	-9.90634797e-06		3.43930201e-06
0.27196918	5.86480649e-06		-6.03159781e-06
0.27545596	-1.29249527e-06		7.99751217e-06
0.27894274	-3.04742323e-06		-9.40055492e-06
0.28242953	6.45784480e-06		1.03755494e-05
0.28591631	-8.41697377e-06		-1.10799311e-05
0.28940310	8.65489385e-06		1.16491412e-05
0.29288988	-7.18568183e-06		-1.21655237e-05
0.29637667	4.29168602e-06		1.26460231e-05
0.29986345	-4.65153179e-07		-1.30490424e-05
0.30335023	-3.68051007e-06		1.32962878e-05
0.30683702	7.51314084e-06		-1.33023069e-05
0.31032380	-1.04800819e-05		1.30033484e-05
0.31381059	1.21866326e-05		-1.23782085e-05
0.31729737	-1.24437220e-05		1.14564417e-05
0.32078416	1.12800031e-05		-1.03129097e-05
0.32427094	-8.91992657e-06		9.05116222e-06
0.32775772	5.73474463e-06		-7.78073010e-06
0.33124451	-2.17696114e-06		6.59451390e-06
0.33473129	-1.28990200e-06		-5.55190875e-06
0.33821808	4.25516382e-06		4.67140034e-06
0.34170486	-6.40991905e-06		-3.93367666e-06
0.34519165	7.57601451e-06		3.29356615e-06
0.34867843	-7.71378406e-06		-2.69702297e-06
0.35216521	6.91057192e-06		2.09841062e-06
0.35565200	-5.35447789e-06		-1.47364256e-06
0.35913878	3.29904390e-06		8.26147617e-07
0.36262557	-1.02480178e-06		-1.84698407e-07
0.36611235	-1.19706409e-06		-4.05700704e-07
0.36959914	3.13490708e-06		8.96976704e-07
0.37308592	-4.61808720e-06		-1.25147880e-06
0.37657270	5.54857795e-06		1.45224715e-06
0.38005949	-5.90281432e-06		-1.50757228e-06
0.38354627	5.72486521e-06		1.44897645e-06
0.38703306	-5.11272293e-06		-1.32347381e-06
0.39051984	4.19996823e-06		1.18235571e-06
0.39400663	-3.13531525e-06		-1.06947671e-06
0.39749341	2.06257441e-06		1.01195138e-06
0.40098019	-1.10338121e-06		-1.01538719e-06
0.40446698	3.44613063e-07		1.06452429e-06
0.40795376	1.68236733e-07		-1.12877765e-06
0.41144055	-4.31288217e-07		1.17102823e-06
0.41492733	4.76576369e-07		-1.15735534e-06
0.41841412	-3.61745826e-07		1.06535922e-06
0.42190090	1.57106932e-07		-8.89250481e-07
0.42538768	6.76604535e-08		6.40800885e-07
0.42887447	-2.54948659e-07		-3.46298717e-07
0.43236125	3.67070845e-07		4.05642944e-08
0.43584804	-3.89543683e-07		2.40350481e-07
0.43933482	3.29739026e-07		-4.66031181e-07
0.44282161	-2.11704027e-07		6.16693758e-07
0.44630839	6.85966187e-08		-6.85462537e-07
0.44979517	6.55078714e-08		6.77820506e-07
0.45328196	-1.62755978e-07		-6.08773373e-07
0.45676874	2.06329209e-07		4.98701254e-07
0.46025553	-1.92292214e-07		-3.69007008e-07
0.46374231	1.28535018e-07		2.38517892e-07
0.46722910	-3.14705809e-08		-1.21238835e-07
0.47071588	-7.84685222e-08		2.56146433e-08
0.47420266	1.81389537e-07		4.49385342e-08
0.47768945	-2.61580173e-07		-9.07283566e-08
0.48117623	3.09622423e-07		1.14275471e-07
0.48466302	-3.22822332e-07		-1.19063864e-07
0.48814980	3.04212903e-07		1.08806580e-07
0.49163659	-2.60669041e-07		-8.72374875e-08
0.49512337	2.00771844e-07		5.82445614e-08
0.49861015	-1.32978095e-07		-2.60664785e-08
0.50209694	6.44396786e-08		-4.70277507e-09
0.50558372	-5.55234510e-10		2.94399942e-08
0.50907051	-5.48956118e-08		-4.41278605e-08
0.51255729	9.93244722e-08		4.61318962e-08
0.51604408	-1.30921513e-07		-3.48703364e-08
0.51953086	1.48478209e-07		1.21346654e-08
0.52301764	-1.51512984e-07		1.80913596e-08
0.52650443	1.40608394e-07		-5.03239780e-08
0.52999121	-1.17758902e-07		7.86439580e-08
0.53347800	8.65025264e-08		-9.78849519e-08
0.53696478	-5.16728379e-08		1.04659229e-07
0.54045157	1.87357871e-08		-9.79770580e-08
0.54393835	7.17585742e-09		7.93246998e-08
0.54742513	-2.22988775e-08		-5.22074246e-08
0.55091192	2.50655332e-08		2.12972676e-08
0.55439870	-1.64745859e-08		8.58587936e-09
0.55788549	-1.23495684e-10		-3.34083826e-08
0.56137227	1.98009560e-08		5.05654709e-08
0.56485906	-3.72062221e-08		-5.91205267e-08
0.56834584	4.78094696e-08		5.96441847e-08
0.57183263	-4.89258736e-08		-5.37579540e-08
0.57531941	4.02613172e-08		4.35485998e-08
0.57880619	-2.38538688e-08		-3.10279373e-08
0.58229298	3.44545378e-09		1.77713071e-08
0.58577976	1.65334480e-08		-4.79414856e-09
0.58926655	-3.20882250e-08		-7.35511979e-09
0.59275333	4.05988067e-08		1.83713829e-08
0.59624012	-4.13408149e-08		-2.79525624e-08
0.59972690	3.54803496e-08		3.56457987e-08
0.60321368	-2.55801445e-08		-4.08391251e-08
0.60670047	1.47837082e-08		4.28979075e-08
0.61018725	-5.92059754e-09		-4.13902284e-08
0.61367404	7.81582158e-10		3.63124929e-08
0.61716082	2.50762804e-10		-2.82252797e-08
0.62064761	1.85866904e-09		1.82387562e-08
0.62413439	-5.23812001e-09		-7.83618015e-09
0.62762117	7.77588220e-09		-1.42328984e-09
0.63110796	-7.80609661e-09		8.24187023e-09
0.63459474	4.61403005e-09		-1.18658828e-08
0.63808153	1.37444355e-09		1.22344035e-08
0.64156831	-8.75554520e-09		-9.95322644e-09
0.64505510	1.55953310e-08		6.10394557e-09
0.64854188	-2.00169626e-08		-1.94441293e-09
0.65202866	2.07498339e-08		-1.41433789e-09
0.65551545	-1.74835781e-08		3.26635501e-09
0.65900223	1.09346914e-08		-3.43819819e-09
0.66248902	-2.62119102e-09		2.25988216e-09
0.66597580	-5.57514505e-09		-3.99514647e-10
0.66946259	1.19229266e-08		-1.38053023e-09
0.67294937	-1.52816276e-08		2.46920270e-09
0.67643615	1.53484743e-08		-2.58197212e-09
0.67992294	-1.26549530e-08		1.81889688e-09
0.68340972	8.33204304e-09		-5.96609919e-10
0.68689651	-3.72910754e-09		-5.16412668e-10
0.69038329	8.40237401e-12		1.00442641e-09
0.69387008	2.16387650e-09		-5.82902508e-10
0.69735686	-2.74582753e-09		-7.03835272e-10
0.70084364	2.24281573e-09		2.49345974e-09
0.70433043	-1.46424612e-09		-4.21838688e-09
0.70781721	1.20159198e-09		5.28303182e-09
0.71130400	-1.93455240e-09		-5.24985421e-09
0.71479078	3.65817902e-09		3.97754403e-09
0.71827757	-5.88203364e-09		-1.67072239e-09
0.72176435	7.79669360e-09		-1.17194760e-09
0.72525113	-8.55061967e-09		3.89395294e-09
0.72873792	7.54725138e-09		-5.85997665e-09
0.73222470	-4.66758462e-09		6.62528028e-09
0.73571149	3.47918498e-10		-6.04763613e-09
0.73919827	4.51228483e-09		4.31248052e-09
0.74268506	-8.78558806e-09		-1.86813125e-09
0.74617184	1.14251686e-08		-7.06211694e-10
0.74965862	-1.17559925e-08		2.85893114e-09
0.75314541	9.66395354e-09		-4.20487527e-09
0.75663219	-5.62938612e-09		4.60695842e-09
0.76011898	5.97390799e-10		-4.18163421e-09
0.76360576	4.27548733e-09		3.23267327e-09
0.76709255	-7.92435580e-09		-2.13830161e-09
0.77057933	9.64304272e-09		1.22878340e-09
0.77406611	-9.24254830e-09		-6.91863221e-10
0.77755290	7.06194769e-09		5.32638328e-10
0.78103968	-3.83637169e-09		-5.96226613e-10
0.78452647	4.67106174e-10		6.41851699e-10
0.78801325	2.23552231e-09		-4.41685979e-10
0.79150004	-3.76182983e-09		-1.28635502e-10
0.79498682	4.00829677e-09		1.03695019e-09
0.79847360	-3.25580167e-09		-2.09534908e-09
0.80196039	2.03616462e-09		3.01391547e-09
0.80544717	-9.34786049e-10		-3.49007648e-09
0.80893396	3.93572230e-10		3.30552416e-09
0.81242074	-5.74766199e-10		-2.40074497e-09
0.81590753	1.32466365e-09		9.04348803e-10
0.81939431	-2.24371325e-09		8.91809073e-10
0.82288109	2.83636822e-09		-2.60457434e-09
0.82636788	-2.69028294e-09		3.85772595e-09
0.82985466	1.62688321e-09		-4.37850380e-09
0.83334145	2.24268579e-10		4.06556274e-09
0.83682823	-2.45024629e-09		-3.01031889e-09
0.84031502	4.47057674e-09		1.46735281e-09
0.84380180	-5.70814925e-09		2.16054724e-10
0.84728858	5.76290222e-09		-1.69024349e-09
0.85077537	-4.53573579e-09		2.68787663e-09
0.85426215	2.26567139e-09		-3.08054079e-09
0.85774894	5.30385871e-10		2.89397675e-09
0.86123572	-3.19695060e-09		-2.28114181e-09
0.86472251	5.11707039e-09		1.46425138e-09
0.86820929	-5.87577340e-09		-6.64940465e-10
0.87169607	5.36355442e-09		4.36264037e-11
0.87518286	-3.79223019e-09		3.35176289e-10
0.87866964	1.62168558e-09		-5.03809367e-10
0.88215643	5.78163708e-10		5.61611585e-10
0.88564321	-2.28804308e-09		-6.26322542e-10
0.88913000	3.17563013e-09		7.83794154e-10
0.89261678	-3.16963053e-09		-1.05256608e-09
0.89610356	2.45365336e-09		1.37433475e-09
0.89959035	-1.38633870e-09		-1.63268334e-09
0.90307713	3.75710233e-10		1.69339701e-09
0.90656392	2.51952021e-10		-1.45301387e-09
0.91005070	-3.48643990e-10		8.79887035e-10
0.91353749	-2.12479690e-11		-3.45237125e-11
0.91702427	6.16884807e-10		-9.37578987e-10
0.92051105	-1.11281727e-09		1.83901724e-09
0.92399784	1.21583329e-09		-2.47016660e-09
0.92748462	-7.69097436e-10		2.68132501e-09
0.93097141	-1.89231003e-10		-2.41257407e-09
0.93445819	1.43090696e-09		1.71031053e-09
0.93794498	-2.60406903e-09		-7.16168307e-10
0.94143176	3.34034036e-09		-3.68158953e-10
0.94491855	-3.36939563e-09		1.33014506e-09
0.94840533	2.60587089e-09		-1.99618987e-09
0.95189211	-1.18218986e-09		2.26885076e-09
0.95537890	-5.82600349e-10		-2.14256942e-09
0.95886568	2.26866251e-09		1.69528590e-09
0.96235247	-3.47042252e-09		-1.06006528e-09
0.96583925	3.90711561e-09		3.86029954e-10
0.96932604	-3.49696860e-09		1.99888479e-10
0.97281282	2.37439771e-09		-6.20047303e-10
0.97629960	-8.46656130e-10		8.55749935e-10
0.97978639	-6.95954473e-10		-9.38724907e-10
0.98327317	1.88913080e-09		9.29050614e-10
0.98675996	-2.49098658e-09		-8.87767314e-10
0.99024674	2.43875523e-09		8.53336087e-10
0.99373353	-1.85129565e-09		-8.29213458e-10
0.99722031	9.79365133e-10		7.85832951e-10
1.00070709	-1.20908897e-10		-6.75522345e-10
1.00419388	-4.71761750e-10		4.54806397e-10
1.00768066	6.64754086e-10		-1.06345148e-10
1.01116745	-4.74375906e-10		-3.46978088e-10
1.01465423	5.01716478e-11		8.40748484e-10
1.01814102	3.83424078e-10		-1.28141475e-09
1.02162780	-6.07063750e-10		1.56909433e-09
1.02511458	4.82327585e-10		-1.62432380e-09
1.02860137	3.43795969e-13		1.41106768e-09
1.03208815	-7.16204667e-10		-9.49333334e-10
1.03557494	1.44440359e-09		3.13672724e-10
1.03906172	-1.93749147e-09		3.82208546e-10
1.04254851	2.00043000e-09		-1.01071543e-09
1.04603529	-1.55461914e-09		1.45888833e-09
1.04952207	6.67262006e-10		-1.65287187e-09
1.05300886	4.62933026e-10		1.57231840e-09
1.05649564	-1.55947303e-09		-1.25159203e-09
1.05998243	2.34520836e-09		7.68220088e-10
1.06346921	-2.62004037e-09		-2.22309963e-10
1.06695600	2.31647730e-09		-2.87264809e-10
1.07044278	-1.51714704e-09		6.83706768e-10
1.07392956	4.29791891e-10		-9.25254466e-10
1.07741635	6.72222724e-10		1.00786845e-09
1.08090313	-1.52598746e-09		-9.58220784e-10
1.08438992	1.94945036e-09		8.20132206e-10
1.08787670	-1.88616385e-09		-6.39079533e-10
1.09136349	1.41249776e-09		4.49449796e-10
1.09485027	-7.06792421e-10		-2.67933693e-10
1.09833705	-8.91515762e-12		9.42886603e-11
1.10182384	5.36297537e-10		8.16578214e-11
1.10531062	-7.56987066e-10		-2.69755001e-10
1.10879741	6.61481841e-10		4.69864335e-10
1.11228419	-3.43308990e-10		-6.66262699e-10
1.11577098	-3.82373506e-11		8.28186756e-10
1.11925776	3.14088103e-10		-9.16595499e-10
1.12274454	-3.62160857e-10		8.95246662e-10
1.12623133	1.47246259e-10		-7.42794705e-10
1.12971811	2.67973044e-10		4.62212396e-10
1.13320490	-7.43613995e-10		-8.45128075e-11
1.13669168	1.10803804e-09		-3.34705350e-10
1.14017847	-1.21361368e-09		7.25395578e-10
1.14366525	9.85410630e-10		-1.01754927e-09
1.14715203	-4.47813708e-10		1.15648447e-09
1.15063882	-2.79078119e-10		-1.11513477e-09
1.15412560	1.01217515e-09		9.00282737e-10
1.15761239	-1.55738937e-09		-5.51217328e-10
1.16109917	1.76536346e-09		1.31198203e-10
1.16458596	-1.57444918e-09		2.86124971e-10
1.16807274	1.02841509e-09		-6.32015683e-10
1.17155952	-2.63978549e-10		8.56054811e-10
1.17504631	-5.27813987e-10		-9.34647131e-10
1.17853309	1.15476414e-09		8.72980083e-10
1.18201988	-1.47566309e-09		-7.00483488e-10
1.18550666	1.43647718e-09		4.61434689e-10
1.18899345	-1.08069349e-09		-2.03439162e-10
1.19248023	5.31745561e-10		-3.31655926e-11
1.19596701	4.63633627e-11		2.22430096e-10
1.19945380	-4.97962240e-10		-3.55020955e-10
1.20294058	7.19504153e-10		4.35584666e-10
1.20642737	-6.85646186e-10		-4.76621105e-10
1.20991415	4.50710930e-10		4.91125991e-10
1.21340094	-1.26184810e-10		-4.86459601e-10
1.21688772	-1.57966144e-10		4.61378511e-10
1.22037450	2.95802578e-10		-4.07096030e-10
1.22386129	-2.38639029e-10		3.11933561e-10
1.22734807	9.10411123e-12		-1.67968263e-10
1.23083486	3.07756186e-10		-2.25934178e-11
1.23432164	-5.93041377e-10		2.43583710e-10
1.23780843	7.33019765e-10		-4.65162719e-10
1.24129521	-6.56403260e-10		6.48624941e-10
1.24478199	3.58407441e-10		-7.54771283e-10
1.24826878	9.56865673e-11		7.53766790e-10
1.25175556	-5.88454745e-10		-6.33825693e-10
1.25524235	9.84239888e-10		4.06218286e-10
1.25872913	-1.16882079e-09		-1.04959355e-10
1.26221592	1.08301248e-09		-2.19103949e-10
1.26570270	-7.40311937e-10		5.08598066e-10
1.26918948	2.23543606e-10		-7.11904293e-10
1.27267627	3.38297284e-10		7.94402618e-10
1.27616305	-8.06031855e-10		-7.45865635e-10
1.27964984	1.06853384e-09		5.82145975e-10
1.28313662	-1.07220226e-09		-3.40763802e-10
1.28662341	8.33457505e-10		7.15791511e-11
1.29011019	-4.31177189e-10		1.75002351e-10
1.29359698	-1.81167220e-11		-3.59239354e-10
1.29708376	3.94597858e-10		4.59854626e-10
1.30057054	-6.08767824e-10		-4.76589408e-10
1.30405733	6.24701027e-10		4.27154258e-10
1.30754411	-4.66592279e-10		-3.39767676e-10
1.31103090	2.07410099e-10		2.43657901e-10
1.31451768	5.62423884e-11		-1.60388607e-10
1.31800447	-2.35037941e-10		9.85213292e-11
1.32149125	2.74161012e-10		-5.30523134e-11
1.32497803	-1.68838098e-10		9.57613566e-12
1.32846482	-3.61148582e-11		4.83286858e-11
1.33195160	2.62092749e-10		-1.30993074e-10
1.33543839	-4.22629987e-10		2.36566053e-10
1.33892517	4.51332673e-10		-3.49071896e-10
1.34241196	-3.23278649e-10		4.41478704e-10
1.34589874	6.34912797e-11		-4.83076692e-10
1.34938552	2.59912183e-10		4.49072554e-10
1.35287231	-5.55676114e-10		-3.29511665e-10
1.35635909	7.36378998e-10		1.34697363e-10
1.35984588	-7.44349539e-10		1.04807788e-10
1.36333266	5.68887681e-10		-3.43989484e-10
1.36681945	-2.49824399e-10		5.33692003e-10
1.37030623	-1.33470788e-10		-6.32754211e-10
1.37379301	4.84273818e-10		6.18661192e-10
1.37727980	-7.15338348e-10		-4.93711181e-10
1.38076658	7.72622216e-10		2.84881219e-10
1.38425337	-6.49218115e-10		-3.73061108e-11
1.38774015	3.85770731e-10		-1.96928859e-10
1.39122694	-5.76308206e-11		3.71656968e-10
1.39471372	-2.47214866e-10		-4.57663168e-10
1.39820050	4.52881091e-10		4.48906242e-10
1.40168729	-5.15875889e-10		-3.62329174e-10
1.40517407	4.35341009e-10		2.31487831e-10
1.40866086	-2.50709251e-10		-9.59845914e-11
1.41214764	2.79509566e-11		-1.01368888e-11
1.41563443	1.61172966e-10		6.76391629e-11
1.41912121	-2.60571005e-10		-7.63425794e-11
1.42260799	2.45726932e-10		5.32746333e-11
1.42609478	-1.29611460e-10		-2.54604815e-11
1.42958156	-4.27854202e-11		1.97141397e-11
1.43306835	2.09324981e-10		-5.26885391e-11
1.43655513	-3.10330791e-10		1.24352528e-10
1.44004192	3.07024074e-10		-2.17007783e-10
1.44352870	-1.93366386e-10		3.00252155e-10
1.44701548	-2.04986498e-12		-3.40450087e-10
1.45050227	2.24444179e-10		3.11843239e-10
1.45398905	-4.08990160e-10		-2.05862233e-10
1.45747584	4.99841046e-10		3.56670199e-11
1.46096262	-4.66478858e-10		1.65678721e-10
1.46444941	3.12699188e-10		-3.53107317e-10
1.46793619	-7.57407654e-11		4.81394672e-10
1.47142297	-1.84069171e-10		-5.17597916e-10
1.47490976	4.00088121e-10		4.50473787e-10
1.47839654	-5.17719514e-10		-2.94084351e-10
1.48188333	5.09173787e-10		8.44501243e-11
1.48537011	-3.80558326e-10		1.29880377e-10
1.48885690	1.69465383e-10		-3.00703319e-10
1.49234368	6.60688173e-11		3.92823605e-10
1.49583046	-2.63964333e-10		-3.92915883e-10
1.49931725	3.75164715e-10		3.12098483e-10
1.50280403	-3.76603896e-10		-1.81575572e-10
1.50629082	2.76566296e-10		4.27282374e-11
1.50977760	-1.11144863e-10		6.53529588e-11
1.51326439	-6.69777142e-11		-1.17180988e-10
1.51675117	2.04080535e-10		1.07702123e-10
1.52023795	-2.60809071e-10		-5.26864635e-11
1.52372474	2.23094953e-10		-1.73264851e-11
1.52721152	-1.05604470e-10		6.75889594e-11
1.53069831	-5.31119766e-11		-7.09196503e-11
1.53418509	2.02248436e-10		1.70392429e-11
1.53767188	-2.93747563e-10		8.34415545e-11
1.54115866	2.96378707e-10		-2.01664169e-10
1.54464544	-2.04904913e-10		2.99057951e-10
1.54813223	4.17795038e-11		-3.39227274e-10
1.55161901	1.49063816e-10		2.99599872e-10
1.55510580	-3.14540835e-10		-1.79275103e-10
1.55859258	4.07375983e-10		6.12511539e-13
1.56207937	-3.99481752e-10		1.96049809e-10
1.56556615	2.90007623e-10		-3.63111510e-10
1.56905293	-1.05807318e-10		4.58793603e-10
-1.56905293	-1.05807318e-10		-4.58793603e-10
-1.56556615	2.90007623e-10		3.63111510e-10
-1.56207937	-3.99481752e-10		-1.96049809e-10
-1.55859258	4.07375983e-10		-6.12511539e-13
-1.55510580	-3.14540835e-10		1.79275103e-10
-1.55161901	1.49063816e-10		-2.99599872e-10
-1.54813223	4.17795038e-11		3.39227274e-10
-1.54464544	-2.04904913e-10		-2.99057951e-10
-1.54115866	2.96378707e-10		2.01664169e-10
-1.53767188	-2.93747563e-10		-8.34415545e-11
-1.53418509	2.02248436e-10		-1.70392429e-11
-1.53069831	-5.31119766e-11		7.09196503e-11
-1.52721152	-1.05604470e-10		-6.75889594e-11
-1.52372474	2.23094953e-10		1.73264851e-11
-1.52023795	-2.60809071e-10		5.26864635e-11
-1.51675117	2.04080535e-10		-1.07702123e-10
-1.51326439	-6.69777142e-11		1.17180988e-10
-1.50977760	-1.11144863e-10		-6.53529588e-11
-1.50629082	2.76566296e-10		-4.27282374e-11
-1.50280403	-3.76603896e-10		1.81575572e-10
-1.49931725	3.75164715e-10		-3.12098483e-10
-1.49583046	-2.63964333e-10		3.92915883e-10
-1.49234368	6.60688173e-11		-3.92823605e-10
-1.48885690	1.69465383e-10		3.00703319e-10
-1.48537011	-3.80558326e-10		-1.29880377e-10
-1.48188333	5.09173787e-10		-8.44501243e-11
-1.47839654	-5.17719514e-10		2.94084351e-10
-1.47490976	4.00088121e-10		-4.50473787e-10
-1.47142297	-1.84069171e-10		5.17597916e-10
-1.46793619	-7.57407654e-11		-4.81394672e-10
-1.46444941	3.12699188e-10		3.53107317e-10
-1.46096262	-4.66478858e-10		-1.65678721e-10
-1.45747584	4.99841046e-10		-3.56670199e-11
-1.45398905	-4.08990160e-10		2.05862233e-10
-1.45050227	2.24444179e-10		-3.11843239e-10
-1.44701548	-2.04986498e-12		3.40450087e-10
-1.44352870	-1.93366386e-10		-3.00252155e-10
-1.44004192	3.07024074e-10		2.17007783e-10
-1.43655513	-3.10330791e-10		-1.24352528e-10
-1.43306835	2.09324981e-10		5.26885391e-11
-1.42958156	-4.27854202e-11		-1.97141397e-11
-1.42609478	-1.29611460e-10		2.54604815e-11
-1.42260799	2.45726932e-10		-5.32746333e-11
-1.41912121	-2.60571005e-10		7.63425794e-11
-1.41563443	1.61172966e-10		-6.76391629e-11
-1.41214764	2.79509566e-11		1.01368888e-11
-1.40866086	-2.50709251e-10		9.59845914e-11
-1.40517407	4.35341009e-10		-2.31487831e-10
-1.40168729	-5.15875889e-10		3.62329174e-10
-1.39820050	4.52881091e-10		-4.48906242e-10
-1.39471372	-2.47214866e-10		4.57663168e-10
-1.39122694	-5.76308206e-11		-3.71656968e-10
-1.38774015	3.85770731e-10		1.96928859e-10
-1.38425337	-6.49218115e-10		3.73061108e-11
-1.38076658	7.72622216e-10		-2.84881219e-10
-1.37727980	-7.15338348e-10		4.93711181e-10
-1.37379301	4.84273818e-10		-6.18661192e-10
-1.37030623	-1.33470788e-10		6.32754211e-10
-1.36681945	-2.49824399e-10		-5.33692003e-10
-1.36333266	5.68887681e-10		3.43989484e-10
-1.35984588	-7.44349539e-10		-1.04807788e-10
-1.35635909	7.36378998e-10		-1.34697363e-10
-1.35287231	-5.55676114e-10		3.29511665e-10
-1.34938552	2.59912183e-10		-4.49072554e-10
-1.34589874	6.34912797e-11		4.83076692e-10
-1.34241196	-3.23278649e-10		-4.41478704e-10
-1.33892517	4.51332673e-10		3.49071896e-10
-1.33543839	-4.22629987e-10		-2.36566053e-10
-1.33195160	2.62092749e-10		1.30993074e-10
-1.32846482	-3.61148582e-11		-4.83286858e-11
-1.32497803	-1.68838098e-10		-9.57613566e-12
-1.32149125	2.74161012e-10		5.30523134e-11
-1.31800447	-2.35037941e-10		-9.85213292e-11
-1.31451768	5.62423884e-11		1.60388607e-10
-1.31103090	2.07410099e-10		-2.43657901e-10
-1.30754411	-4.66592279e-10		3.39767676e-10
-1.30405733	6.24701027e-10		-4.27154258e-10
-1.30057054	-6.08767824e-10		4.76589408e-10
-1.29708376	3.94597858e-10		-4.59854626e-10
-1.29359698	-1.81167220e-11		3.59239354e-10
-1.29011019	-4.31177189e-10		-1.75002351e-10
-1.28662341	8.33457505e-10		-7.15791511e-11
-1.28313662	-1.07220226e-09		3.40763802e-10
-1.27964984	1.06853384e-09		-5.82145975e-10
-1.27616305	-8.06031855e-10		7.45865635e-10
-1.27267627	3.38297284e-10		-7.94402618e-10
-1.26918948	2.23543606e-10		7.11904293e-10
-1.26570270	-7.40311937e-10		-5.08598066e-10
-1.26221592	1.08301248e-09		2.19103949e-10
-1.25872913	-1.16882079e-09		1.04959355e-10
-1.25524235	9.84239888e-10		-4.06218286e-10
-1.25175556	-5.88454745e-10		6.33825693e-10
-1.24826878	9.56865673e-11		-7.53766790e-10
-1.24478199	3.58407441e-10		7.54771283e-10
-1.24129521	-6.56403260e-10		-6.48624941e-10
-1.23780843	7.33019765e-10		4.65162719e-10
-1.23432164	-5.93041377e-10		-2.43583710e-10
-1.23083486	3.07756186e-10		2.25934178e-11
-1.22734807	9.10411123e-12		1.67968263e-10
-1.22386129	-2.38639029e-10		-3.11933561e-10
-1.22037450	2.95802578e-10		4.07096030e-10
-1.21688772	-1.57966144e-10		-4.61378511e-10
-1.21340094	-1.26184810e-10		4.86459601e-10
-1.20991415	4.50710930e-10		-4.91125991e-10
-1.20642737	-6.85646186e-10		4.76621105e-10
-1.20294058	7.19504153e-10		-4.35584666e-10
-1.19945380	-4.97962240e-10		3.55020955e-10
-1.19596701	4.63633627e-11		-2.22430096e-10
-1.19248023	5.31745561e-10		3.31655926e-11
-1.18899345	-1.08069349e-09		2.03439162e-10
-1.18550666	1.43647718e-09		-4.61434689e-10
-1.18201988	-1.47566309e-09		7.00483488e-10
-1.17853309	1.15476414e-09		-8.72980083e-10
-1.17504631	-5.27813987e-10		9.34647131e-10
-1.17155952	-2.63978549e-10		-8.56054811e-10
-1.16807274	1.02841509e-09		6.32015683e-10
-1.16458596	-1.57444918e-09		-2.86124971e-10
-1.16109917	1.76536346e-09		-1.31198203e-10
-1.15761239	-1.55738937e-09		5.51217328e-10
-1.15412560	1.01217515e-09		-9.00282737e-10
-1.15063882	-2.79078119e-10		1.11513477e-09
-1.14715203	-4.47813708e-10		-1.15648447e-09
-1.14366525	9.85410630e-10		1.01754927e-09
-1.14017847	-1.21361368e-09		-7.25395578e-10
-1.13669168	1.10803804e-09		3.34705350e-10
-1.13320490	-7.43613995e-10		8.45128075e-11
-1.12971811	2.67973044e-10		-4.62212396e-10
-1.12623133	1.47246259e-10		7.42794705e-10
-1.12274454	-3.62160857e-10		-8.95246662e-10
-1.11925776	3.14088103e-10		9.16595499e-10
-1.11577098	-3.82373506e-11		-8.28186756e-10
-1.11228419	-3.43308990e-10		6.66262699e-10
-1.10879741	6.61481841e-10		-4.69864335e-10
-1.10531062	-7.56987066e-10		2.69755001e-10
-1.10182384	5.36297537e-10		-8.16578214e-11
-1.09833705	-8.91515762e-12		-9.42886603e-11
-1.09485027	-7.06792421e-10		2.67933693e-10
-1.09136349	1.41249776e-09		-4.49449796e-10
-1.08787670	-1.88616385e-09		6.39079533e-10
-1.08438992	1.94945036e-09		-8.20132206e-10
-1.08090313	-1.52598746e-09		9.58220784e-10
-1.07741635	6.72222724e-10		-1.00786845e-09
-1.07392956	4.29791891e-10		9.25254466e-10
-1.07044278	-1.51714704e-09		-6.83706768e-10
-1.06695600	2.31647730e-09		2.87264809e-10
-1.06346921	-2.62004037e-09		2.22309963e-10
-1.05998243	2.34520836e-09		-7.68220088e-10
-1.05649564	-1.55947303e-09		1.25159203e-09
-1.05300886	4.62933026e-10		-1.57231840e-09
-1.04952207	6.67262006e-10		1.65287187e-09
-1.04603529	-1.55461914e-09		-1.45888833e-09
-1.04254851	2.00043000e-09		1.01071543e-09
-1.03906172	-1.93749147e-09		-3.82208546e-10
-1.03557494	1.44440359e-09		-3.13672724e-10
-1.03208815	-7.16204667e-10		9.49333334e-10
-1.02860137	3.43795969e-13		-1.41106768e-09
-1.02511458	4.82327585e-10		1.62432380e-09
-1.02162780	-6.07063750e-10		-1.56909433e-09
-1.01814102	3.83424078e-10		1.28141475e-09
-1.01465423	5.01716478e-11		-8.40748484e-10
-1.01116745	-4.74375906e-10		3.46978088e-10
-1.00768066	6.64754086e-10		1.06345148e-10
-1.00419388	-4.71761750e-10		-4.54806397e-10
-1.00070709	-1.20908897e-10		6.75522345e-10
-0.99722031	9.79365133e-10		-7.85832951e-10
-0.99373353	-1.85129565e-09		8.29213458e-10
-0.99024674	2.43875523e-09		-8.53336087e-10
-0.98675996	-2.49098658e-09		8.87767314e-10
-0.98327317	1.88913080e-09		-9.29050614e-10
-0.97978639	-6.95954473e-10		9.38724907e-10
-0.97629960	-8.46656130e-10		-8.55749935e-10
-0.97281282	2.37439771e-09		6.20047303e-10
-0.96932604	-3.49696860e-09		-1.99888479e-10
-0.96583925	3.90711561e-09		-3.86029954e-10
-0.96235247	-3.47042252e-09		1.06006528e-09
-0.95886568	2.26866251e-09		-1.69528590e-09
-0.95537890	-5.82600349e-10		2.14256942e-09
-0.95189211	-1.18218986e-09		-2.26885076e-09
-0.94840533	2.60587089e-09		1.99618987e-09
-0.94491855	-3.36939563e-09		-1.33014506e-09
-0.94143176	3.34034036e-09		3.68158953e-10
-0.93794498	-2.60406903e-09		7.16168307e-10
-0.93445819	1.43090696e-09		-1.71031053e-09
-0.93097141	-1.89231003e-10		2.41257407e-09
-0.92748462	-7.69097436e-10		-2.68132501e-09
-0.92399784	1.21583329e-09		2.47016660e-09
-0.92051105	-1.11281727e-09		-1.83901724e-09
-0.91702427	6.16884807e-10		9.37578987e-10
-0.91353749	-2.12479690e-11		3.45237125e-11
-0.91005070	-3.48643990e-10		-8.79887035e-10
-0.90656392	2.51952021e-10		1.45301387e-09
-0.90307713	3.75710233e-10		-1.69339701e-09
-0.89959035	-1.38633870e-09		1.63268334e-09
-0.89610356	2.45365336e-09		-1.37433475e-09
-0.89261678	-3.16963053e-09		1.05256608e-09
-0.88913000	3.17563013e-09		-7.83794154e-10
-0.88564321	-2.28804308e-09		6.26322542e-10
-0.88215643	5.78163708e-10		-5.61611585e-10
-0.87866964	1.62168558e-09		5.03809367e-10
-0.87518286	-3.79223019e-09		-3.35176289e-10
-0.87169607	5.36355442e-09		-4.36264037e-11
-0.86820929	-5.87577340e-09		6.64940465e-10
-0.86472251	5.11707039e-09		-1.46425138e-09
-0.86123572	-3.19695060e-09		2.28114181e-09
-0.85774894	5.30385871e-10		-2.89397675e-09
-0.85426215	2.26567139e-09		3.08054079e-09
-0.85077537	-4.53573579e-09		-2.68787663e-09
-0.84728858	5.76290222e-09		1.69024349e-09
-0.84380180	-5.70814925e-09		-2.16054724e-10
-0.84031502	4.47057674e-09		-1.46735281e-09
-0.83682823	-2.45024629e-09		3.01031889e-09
-0.83334145	2.24268579e-10		-4.06556274e-09
-0.82985466	1.62688321e-09		4.37850380e-09
-0.82636788	-2.69028294e-09		-3.85772595e-09
-0.82288109	2.83636822e-09		2.60457434e-09
-0.81939431	-2.24371325e-09		-8.91809073e-10
-0.81590753	1.32466365e-09		-9.04348803e-10
-0.81242074	-5.74766199e-10		2.40074497e-09
-0.80893396	3.93572230e-10		-3.30552416e-09
-0.80544717	-9.34786049e-10		3.49007648e-09
-0.80196039	2.03616462e-09		-3.01391547e-09
-0.79847360	-3.25580167e-09		2.09534908e-09
-0.79498682	4.00829677e-09		-1.03695019e-09
-0.79150004	-3.76182983e-09		1.28635502e-10
-0.78801325	2.23552231e-09		4.41685979e-10
-0.78452647	4.67106174e-10		-6.41851699e-10
-0.78103968	-3.83637169e-09		5.96226613e-10
-0.77755290	7.06194769e-09		-5.32638328e-10
-0.77406611	-9.24254830e-09		6.91863221e-10
-0.77057933	9.64304272e-09		-1.22878340e-09
-0.76709255	-7.92435580e-09		2.13830161e-09
-0.76360576	4.27548733e-09		-3.23267327e-09
-0.76011898	5.97390799e-10		4.18163421e-09
-0.75663219	-5.62938612e-09		-4.60695842e-09
-0.75314541	9.66395354e-09		4.20487527e-09
-0.74965862	-1.17559925e-08		-2.85893114e-09
-0.74617184	1.14251686e-08		7.06211694e-10
-0.74268506	-8.78558806e-09		1.86813125e-09
-0.73919827	4.51228483e-09		-4.31248052e-09
-0.73571149	3.47918498e-10		6.04763613e-09
-0.73222470	-4.66758462e-09		-6.62528028e-09
-0.72873792	7.54725138e-09		5.85997665e-09
-0.72525113	-8.55061967e-09		-3.89395294e-09
-0.72176435	7.79669360e-09		1.17194760e-09
-0.71827757	-5.88203364e-09		1.67072239e-09
-0.71479078	3.65817902e-09		-3.97754403e-09
-0.71130400	-1.93455240e-09		5.24985421e-09
-0.70781721	1.20159198e-09		-5.28303182e-09
-0.70433043	-1.46424612e-09		4.21838688e-09
-0.70084364	2.24281573e-09		-2.49345974e-09
-0.69735686	-2.74582753e-09		7.03835272e-10
-0.69387008	2.16387650e-09		5.82902508e-10
-0.69038329	8.40237401e-12		-1.00442641e-09
-0.68689651	-3.72910754e-09		5.16412668e-10
-0.68340972	8.33204304e-09		5.96609919e-10
-0.67992294	-1.26549530e-08		-1.81889688e-09
-0.67643615	1.53484743e-08		2.58197212e-09
-0.67294937	-1.52816276e-08		-2.46920270e-09
-0.66946259	1.19229266e-08		1.38053023e-09
-0.66597580	-5.57514505e-09		3.99514647e-10
-0.66248902	-2.62119102e-09		-2.25988216e-09
-0.65900223	1.09346914e-08		3.43819819e-09
-0.65551545	-1.74835781e-08		-3.26635501e-09
-0.65202866	2.07498339e-08		1.41433789e-09
-0.64854188	-2.00169626e-08		1.94441293e-09
-0.64505510	1.55953310e-08		-6.10394557e-09
-0.64156831	-8.75554520e-09		9.95322644e-09
-0.63808153	1.37444355e-09		-1.22344035e-08
-0.63459474	4.61403005e-09		1.18658828e-08
-0.63110796	-7.80609661e-09		-8.24187023e-09
-0.62762117	7.77588220e-09		1.42328984e-09
-0.62413439	-5.23812001e-09		7.83618015e-09
-0.62064761	1.85866904e-09		-1.82387562e-08
-0.61716082	2.50762804e-10		2.82252797e-08
-0.61367404	7.81582158e-10		-3.63124929e-08
-0.61018725	-5.92059754e-09		4.13902284e-08
-0.60670047	1.47837082e-08		-4.28979075e-08
-0.60321368	-2.55801445e-08		4.08391251e-08
-0.59972690	3.54803496e-08		-3.56457987e-08
-0.59624012	-4.13408149e-08		2.79525624e-08
-0.59275333	4.05988067e-08		-1.83713829e-08
-0.58926655	-3.20882250e-08		7.35511979e-09
-0.58577976	1.65334480e-08		4.79414856e-09
-0.58229298	3.44545378e-09		-1.77713071e-08
-0.57880619	-2.38538688e-08		3.10279373e-08
-0.57531941	4.02613172e-08		-4.35485998e-08
-0.57183263	-4.89258736e-08		5.37579540e-08
-0.56834584	4.78094696e-08		-5.96441847e-08
-0.56485906	-3.72062221e-08		5.91205267e-08
-0.56137227	1.98009560e-08		-5.05654709e-08
-0.55788549	-1.23495684e-10		3.34083826e-08
-0.55439870	-1.64745859e-08		-8.58587936e-09
-0.55091192	2.50655332e-08		-2.12972676e-08
-0.54742513	-2.22988775e-08		5.22074246e-08
-0.54393835	7.17585742e-09		-7.93246998e-08
-0.54045157	1.87357871e-08		9.79770580e-08
-0.53696478	-5.16728379e-08		-1.04659229e-07
-0.53347800	8.65025264e-08		9.78849519e-08
-0.52999121	-1.17758902e-07		-7.86439580e-08
-0.52650443	1.40608394e-07		5.03239780e-08
-0.52301764	-1.51512984e-07		-1.80913596e-08
-0.51953086	1.48478209e-07		-1.21346654e-08
-0.51604408	-1.30921513e-07		3.48703364e-08
-0.51255729	9.93244722e-08		-4.61318962e-08
-0.50907051	-5.48956118e-08		4.41278605e-08
-0.50558372	-5.55234510e-10		-2.94399942e-08
-0.50209694	6.44396786e-08		4.70277507e-09
-0.49861015	-1.32978095e-07		2.60664785e-08
-0.49512337	2.00771844e-07		-5.82445614e-08
-0.49163659	-2.60669041e-07		8.72374875e-08
-0.48814980	3.04212903e-07		-1.08806580e-07
-0.48466302	-3.22822332e-07		1.19063864e-07
-0.48117623	3.09622423e-07		-1.14275471e-07
-0.47768945	-2.61580173e-07		9.07283566e-08
-0.47420266	1.81389537e-07		-4.49385342e-08
-0.47071588	-7.84685222e-08		-2.56146433e-08
-0.46722910	-3.14705809e-08		1.21238835e-07
-0.46374231	1.28535018e-07		-2.38517892e-07
-0.46025553	-1.92292214e-07		3.69007008e-07
-0.45676874	2.06329209e-07		-4.98701254e-07
-0.45328196	-1.62755978e-07		6.08773373e-07
-0.44979517	6.55078714e-08		-6.77820506e-07
-0.44630839	6.85966187e-08		6.85462537e-07
-0.44282161	-2.11704027e-07		-6.16693758e-07
-0.43933482	3.29739026e-07		4.66031181e-07
-0.43584804	-3.89543683e-07		-2.40350481e-07
-0.43236125	3.67070845e-07		-4.05642944e-08
-0.42887447	-2.54948659e-07		3.46298717e-07
-0.42538768	6.76604535e-08		-6.40800885e-07
-0.42190090	1.57106932e-07		8.89250481e-07
-0.41841412	-3.61745826e-07		-1.06535922e-06
-0.41492733	4.76576369e-07		1.15735534e-06
-0.41144055	-4.31288217e-07		-1.17102823e-06
-0.40795376	1.68236733e-07		1.12877765e-06
-0.40446698	3.44613063e-07		-1.06452429e-06
-0.40098019	-1.10338121e-06		1.01538719e-06
-0.39749341	2.06257441e-06		-1.01195138e-06
-0.39400663	-3.13531525e-06		1.06947671e-06
-0.39051984	4.19996823e-06		-1.18235571e-06
-0.38703306	-5.11272293e-06		1.32347381e-06
-0.38354627	5.72486521e-06		-1.44897645e-06
-0.38005949	-5.90281432e-06		1.50757228e-06
-0.37657270	5.54857795e-06		-1.45224715e-06
-0.37308592	-4.61808720e-06		1.25147880e-06
-0.36959914	3.13490708e-06		-8.96976704e-07
-0.36611235	-1.19706409e-06		4.05700704e-07
-0.36262557	-1.02480178e-06		1.84698407e-07
-0.35913878	3.29904390e-06		-8.26147617e-07
-0.35565200	-5.35447789e-06		1.47364256e-06
-0.35216521	6.91057192e-06		-2.09841062e-06
-0.34867843	-7.71378406e-06		2.69702297e-06
-0.34519165	7.57601451e-06		-3.29356615e-06
-0.34170486	-6.40991905e-06		3.93367666e-06
-0.33821808	4.25516382e-06		-4.67140034e-06
-0.33473129	-1.28990200e-06		5.55190875e-06
-0.33124451	-2.17696114e-06		-6.59451390e-06
-0.32775772	5.73474463e-06		7.78073010e-06
-0.32427094	-8.91992657e-06		-9.05116222e-06
-0.32078416	1.12800031e-05		1.03129097e-05
-0.31729737	-1.24437220e-05		-1.14564417e-05
-0.31381059	1.21866326e-05		1.23782085e-05
-0.31032380	-1.04800819e-05		-1.30033484e-05
-0.30683702	7.51314084e-06		1.33023069e-05
-0.30335023	-3.68051007e-06		-1.32962878e-05
-0.29986345	-4.65153179e-07		1.30490424e-05
-0.29637667	4.29168602e-06		-1.26460231e-05
-0.29288988	-7.18568183e-06		1.21655237e-05
-0.28940310	8.65489385e-06		-1.16491412e-05
-0.28591631	-8.41697377e-06		1.10799311e-05
-0.28242953	6.45784480e-06		-1.03755494e-05
-0.27894274	-3.04742323e-06		9.40055492e-06
-0.27545596	-1.29249527e-06		-7.99751217e-06
-0.27196918	5.86480649e-06		6.03159781e-06
-0.26848239	-9.90634797e-06		-3.43930201e-06
-0.26499561	1.27115050e-05		2.69624784e-07
-0.26150882	-1.37485619e-05		3.29338925e-06
-0.25802204	1.27479615e-05		-6.93475002e-06
-0.25453525	-9.74646751e-06		1.02418587e-05
-0.25104847	5.07925730e-06		-1.27632616e-05
-0.24756169	6.78322574e-07		1.40829742e-05
-0.24407490	-6.80817574e-06		-1.38963452e-05
-0.24058812	1.25676395e-05		1.20721641e-05
-0.23710133	-1.73064510e-05		-8.68780821e-06
-0.23361455	2.05613551e-05		4.02933703e-06
-0.23012776	-2.21122635e-05		1.44449952e-06
-0.22664098	2.19920568e-05		-7.16791224e-06
-0.22315420	-2.04516536e-05		1.25508043e-05
-0.21966741	1.78908351e-05		-1.70625790e-05
-0.21618063	-1.47716054e-05		2.03011364e-05
-0.21269384	1.15333117e-05		-2.20348142e-05
-0.20920706	-8.52689399e-06		2.22113494e-05
-0.20572027	5.98003717e-06		-2.09354322e-05
-0.20223349	-3.99701260e-06		1.84233127e-05
-0.19874671	2.58852232e-06		-1.49475524e-05
-0.19525992	-1.71987203e-06		1.07862877e-05
-0.19177314	1.36190315e-06		-6.18901328e-06
-0.18828635	-1.52917615e-06		1.36552952e-06
-0.18479957	2.29384473e-06		3.50229699e-06
-0.18131278	-3.77050019e-06		-8.23312138e-06
-0.17782600	6.07532160e-06		1.26150659e-05
-0.17433921	-9.27017024e-06		-1.63846017e-05
-0.17085243	1.33070181e-05		1.92267298e-05
-0.16736565	-1.79890961e-05		-2.08022790e-05
-0.16387886	2.29620630e-05		2.08005670e-05
-0.16039208	-2.77419735e-05		-1.90079671e-05
-0.15690529	3.17783203e-05		1.53770487e-05
-0.15341851	-3.45418918e-05		-1.00785423e-05
-0.14993172	3.56206169e-05		3.52022759e-06
-0.14644494	-3.48035371e-05		3.67723152e-06
-0.14295816	3.21343421e-05		-1.07486510e-05
-0.13947137	-2.79213670e-05		1.68882435e-05
-0.13598459	2.26994567e-05		-2.13718985e-05
-0.13249780	-1.71488682e-05		2.36753717e-05
-0.12901102	1.19853014e-05		-2.35652721e-05
-0.12552423	-7.84131261e-06		2.11440045e-05
-0.12203745	5.16143318e-06		-1.68382466e-05
-0.11855067	-4.13084242e-06		1.13314016e-05
-0.11506388	4.65094441e-06		-5.45148676e-06
-0.11157710	-6.36603992e-06		3.47625833e-08
-0.10809031	8.73537401e-06		4.20979342e-06
-0.10460353	-1.11362099e-05		-6.81032424e-06
-0.10111674	1.29779581e-05		7.59662874e-06
-0.09762996	-1.38058349e-05		-6.70885515e-06
-0.09414318	1.33752384e-05		4.55080014e-06
-0.09065639	-1.16843155e-05		-1.69887359e-06
-0.08716961	8.96067828e-06		-1.21412706e-06
-0.08368282	-5.60711807e-06		3.61729661e-06
-0.08019604	2.11869181e-06		-5.09957790e-06
-0.07670925	1.01170782e-06		5.47017377e-06
-0.07322247	-3.38102157e-06		-4.77250748e-06
-0.06973569	4.74108483e-06		3.25245017e-06
-0.06624890	-5.03056535e-06		-1.29045426e-06
-0.06276212	4.37026356e-06		-6.86321065e-07
-0.05927533	-3.02545621e-06		2.29299498e-06
-0.05578855	1.34493469e-06		-3.25933254e-06
-0.05230176	3.09934592e-07		3.47242738e-06
-0.04881498	-1.63195975e-06		-2.98360729e-06
-0.04532820	2.41845368e-06		1.98118699e-06
-0.04184141	-2.59704160e-06		-7.37527536e-07
-0.03835463	2.22418801e-06		-4.56518054e-07
-0.03486784	-1.45912781e-06		1.35508140e-06
-0.03138106	5.20380908e-07		-1.80550897e-06
-0.02789427	3.65201070e-07		1.77231608e-06
-0.02440749	-1.01024937e-06		-1.33357221e-06
-0.02092071	1.30235812e-06		6.52485632e-07
-0.01743392	-1.22109383e-06		6.79261346e-08
-0.01394714	8.34416604e-07		-6.36015467e-07
-0.01046035	-2.76563656e-07		9.16786550e-07
-0.00697357	-2.87015311e-07		-8.61368959e-07
-0.00348678	6.99783576e-07		5.14642110e-07
