901
omega		real			imaginary
0.00000000	1.18390602e-06		0.00000000e+00
0.00348678	-1.11810064e-06		4.45593554e-07
0.00697357	9.23013876e-07		-8.47883346e-07
0.01046035	-6.07200273e-07		1.16303123e-06
0.01394714	1.89470094e-07		-1.34793367e-06
0.01743392	2.96429178e-07		1.36444336e-06
0.02092071	-7.98909153e-07		-1.18656338e-06
0.02440749	1.24972460e-06		8.09344225e-07
0.02789427	-1.57068367e-06		-2.57136761e-07
0.03138106	1.68587647e-06		-4.11670361e-07
0.03486784	-1.53773336e-06		1.10605660e-06
0.03835463	1.10373418e-06		-1.71149931e-06
0.04184141	-4.09704963e-07		2.10672916e-06
0.04532820	-4.64341320e-07		-2.18604953e-06
0.04881498	1.38882808e-06		1.88336601e-06
0.05230176	-2.20078520e-06		-1.19291322e-06
0.05578855	2.73017655e-06		1.81503309e-07
0.05927533	-2.83248352e-06		1.01187696e-06
0.06276212	2.42165497e-06		-2.19120433e-06
0.06624890	-1.49657402e-06		3.13253203e-06
0.06973569	1.54587381e-07		-3.62325025e-06
0.07322247	1.41254227e-06		3.50501479e-06
0.07670925	-2.94189652e-06		-2.71223577e-06
0.08019604	4.13982116e-06		1.29786961e-06
0.08368282	-4.73377049e-06		5.60226369e-07
0.08716961	4.52691350e-06		-2.57607167e-06
0.09065639	-3.44532864e-06		4.39505693e-06
0.09414318	1.56794882e-06		-5.65128011e-06
0.09762996	8.68304523e-07		6.03388998e-06
0.10111674	-3.49181704e-06		-5.35096106e-06
0.10460353	5.84664332e-06		3.57872556e-06
0.10809031	-7.46341797e-06		-8.85529046e-07
0.11157710	7.93993823e-06		-2.37645510e-06
0.11506388	-7.01784845e-06		5.71344742e-06
0.11855067	4.64145109e-06		-8.56190665e-06
0.12203745	-9.86776844e-07		1.03799952e-05
0.12552423	-3.54655868e-06		-1.07443610e-05
0.12901102	8.38216446e-06		9.43588547e-06
0.13249780	-1.28471513e-05		-6.49876645e-06
0.13598459	1.62745550e-05		2.26082234e-06
0.13947137	-1.81121055e-05		2.69125428e-06
0.14295816	1.80195804e-05		-7.58070893e-06
0.14644494	-1.59379903e-05		1.15451536e-05
0.14993172	1.21177713e-05		-1.37617775e-05
0.15341851	-7.09943002e-06		1.35743524e-05
0.15690529	1.64769413e-06		-1.06019210e-05
0.16039208	3.35209760e-06		4.81124809e-06
0.16387886	-7.02019934e-06		3.45964085e-06
0.16736565	8.61202232e-06		-1.35320368e-05
0.17085243	-7.63086877e-06		2.44679411e-05
0.17433921	3.90600770e-06		-3.51908645e-05
0.17782600	2.37640836e-06		4.46282546e-05
0.18131278	-1.06946661e-05		-5.18542419e-05
0.18479957	2.02618538e-05		5.62112932e-05
0.18828635	-3.01343095e-05		-5.73927235e-05
0.19177314	3.93412707e-05		5.54742691e-05
0.19525992	-4.70157151e-05		-5.08910273e-05
0.19874671	5.25065561e-05		4.43646379e-05
0.20223349	-5.54557597e-05		-3.67932206e-05
0.20572027	5.58299601e-05		2.91220073e-05
0.20920706	-5.39037051e-05		-2.22149850e-05
0.21269384	5.01992595e-05		1.67468667e-05
0.21618063	-4.53946151e-05		-1.31305823e-05
0.21966741	4.02158876e-05		1.14890474e-05
0.22315420	-3.53319408e-05		-1.16723558e-05
0.22664098	3.12676757e-05		1.33141197e-05
0.23012776	-2.83483169e-05		-1.59146790e-05
0.23361455	2.66810484e-05		1.89353098e-05
0.23710133	-2.61736030e-05		-2.18868787e-05
0.24058812	2.65831202e-05		2.43986033e-05
0.24407490	-2.75838348e-05		-2.62571606e-05
0.24756169	2.88397233e-05		2.74124007e-05
0.25104847	-3.00684302e-05		-2.79522272e-05
0.25453525	3.10854682e-05		2.80546437e-05
0.25802204	-3.18222187e-05		-2.79285965e-05
0.26150882	3.23167282e-05		2.77564782e-05
0.26499561	-3.26816454e-05		-2.76498998e-05
0.26848239	3.30578723e-05		2.76269275e-05
0.27196918	-3.35648649e-05		-2.76141704e-05
0.27545596	3.42586386e-05		2.74718594e-05
0.27894274	-3.51064845e-05		-2.70354095e-05
0.28242953	3.59836446e-05		2.61637662e-05
0.28591631	-3.66925207e-05		-2.47836821e-05
0.28940310	3.70003278e-05		2.29201024e-05
0.29288988	-3.66873517e-05		-2.07058089e-05
0.29637667	3.55958402e-05		1.83677475e-05
0.29986345	-3.36694220e-05		-1.61921966e-05
0.30335023	3.09747943e-05		1.44751980e-05
0.30683702	-2.77008625e-05		-1.34676507e-05
0.31032380	2.41348637e-05		1.33256162e-05
0.31381059	-2.06194208e-05		-1.40755009e-05
0.31729737	1.74981146e-05		1.56010634e-05
0.32078416	-1.50593473e-05		-1.76551793e-05
0.32427094	1.34886216e-05		1.98947450e-05
0.32775772	-1.28378206e-05		-2.19328779e-05
0.33124451	1.30169757e-05		2.33994451e-05
0.33473129	-1.38099358e-05		-2.39994834e-05
0.33821808	1.49110772e-05		2.35595091e-05
0.34170486	-1.59765026e-05		-2.20539327e-05
0.34519165	1.66807278e-05		1.96073608e-05
0.34867843	-1.67690642e-05		-1.64728108e-05
0.35216521	1.60968812e-05		1.29900043e-05
0.35565200	-1.46494404e-05		-9.53120536e-06
0.35913878	1.25395528e-05		6.44396957e-06
0.36262557	-9.98423614e-06		-4.00036854e-06
0.36611235	7.26514026e-06		2.36078782e-06
0.36959914	-4.68012172e-06		-1.55757321e-06
0.37308592	2.49456560e-06		1.50018396e-06
0.37657270	-9.00704848e-07		-1.99976979e-06
0.38005949	-8.59335724e-09		2.80789081e-06
0.38354627	2.47938602e-07		-3.66198500e-06
0.38703306	7.08786543e-08		4.32947739e-06
0.39051984	-7.64683464e-07		-4.64317090e-06
0.39400663	1.61478502e-06		4.52254972e-06
0.39749341	-2.40607076e-06		-3.97843690e-06
0.40098019	2.96235743e-06		3.10153003e-06
0.40446698	-3.17215398e-06		-2.03812354e-06
0.40795376	3.00108385e-06		9.58334453e-07
0.41144055	-2.48984052e-06		-2.30671029e-08
0.41492733	1.73920169e-06		-6.44310706e-07
0.41841412	-8.85821551e-07		9.76926722e-07
0.42190090	7.38885029e-08		-9.71406077e-07
0.42538768	5.71917325e-07		6.82699499e-07
0.42887447	-9.67399933e-07		-2.08754006e-07
0.43236125	1.08047858e-06		-3.31268587e-07
0.43584804	-9.32173448e-07		8.20646007e-07
0.43933482	5.87709782e-07		-1.16608579e-06
0.44282161	-1.40266687e-07		1.31239643e-06
0.44630839	-3.08950301e-07		-1.24867675e-06
0.44979517	6.70259812e-07		1.00563701e-06
0.45328196	-8.81042500e-07		-6.45367844e-07
0.45676874	9.14698992e-07		2.46186763e-07
0.46025553	-7.81928551e-07		1.14103690e-07
0.46374231	5.24785688e-07		-3.73201972e-07
0.46722910	-2.05312899e-07		4.94825431e-07
0.47071588	-1.08567354e-07		-4.73148297e-07
0.47420266	3.56923978e-07		3.30867487e-07
0.47768945	-4.98781001e-07		-1.11868733e-07
0.48117623	5.18303084e-07		-1.29566028e-07
0.48466302	-4.25430829e-07		3.40562590e-07
0.48814980	2.51352071e-07		-4.80039868e-07
0.49163659	-4.01807859e-08		5.25742807e-07
0.49512337	-1.61153029e-07		-4.76826575e-07
0.49861015	3.12617818e-07		3.51881291e-07
0.50209694	-3.88484153e-07		-1.83211632e-07
0.50558372	3.81133101e-07		8.86978595e-09
0.50907051	-3.00821483e-07		1.35734687e-07
0.51255729	1.71814367e-07		-2.24895626e-07
0.51604408	-2.59996510e-08		2.47010765e-07
0.51953086	-1.04480265e-07		-2.05649742e-07
0.52301764	1.93972388e-07		1.17360459e-07
0.52650443	-2.28088510e-07		-6.95326983e-09
0.52999121	2.05686996e-07		-9.85349147e-08
0.53347800	-1.37884445e-07		1.75817521e-07
0.53696478	4.45549844e-08		-2.10020827e-07
0.54045157	5.07352079e-08		1.97152845e-07
0.54393835	-1.26156385e-07		-1.44030871e-07
0.54742513	1.66221939e-07		6.58846105e-08
0.55091192	-1.64653557e-07		1.76712922e-08
0.55439870	1.25024588e-07		-8.73060200e-08
0.55788549	-5.92106852e-08		1.28228901e-07
0.56137227	-1.58564992e-08		-1.33143502e-07
0.56485906	8.23082791e-08		1.03351831e-07
0.56834584	-1.25376313e-07		-4.78965611e-08
0.57183263	1.36476880e-07		-1.89405068e-08
0.57531941	-1.14734412e-07		8.11318451e-08
0.57880619	6.67135349e-08		-1.24565359e-07
0.58229298	-4.53112630e-09		1.40065062e-07
0.58577976	-5.71401854e-08		-1.25151734e-07
0.58926655	1.04456939e-07		8.42345445e-08
0.59275333	-1.27417272e-07		-2.72829013e-08
0.59624012	1.21865757e-07		-3.26458015e-08
0.59972690	-9.01109326e-08		8.24207185e-08
0.60321368	4.00983127e-08		-1.11709243e-07
0.60670047	1.66020179e-08		1.15090078e-07
0.61018725	-6.74917533e-08		-9.29902255e-08
0.61367404	1.01902733e-07		5.13057921e-08
0.61716082	-1.13216018e-07		1.41257078e-10
0.62064761	1.00089758e-07		-4.99148953e-08
0.62413439	-6.64827527e-08		8.75051565e-08
0.62762117	2.05325318e-08		-1.05536081e-07
0.63110796	2.74087718e-08		1.01182779e-07
0.63459474	-6.71117160e-08		-7.65342524e-08
0.63808153	9.06554740e-08		3.78802966e-08
0.64156831	-9.39987211e-08		5.86572457e-09
0.64505510	7.76296859e-08		-4.52213000e-08
0.64854188	-4.62051322e-08		7.21972430e-08
0.65202866	7.31162898e-09		-8.19227357e-08
0.65551545	3.03347805e-08		7.35062460e-08
0.65900223	-5.88298922e-08		-4.99887814e-08
0.66248902	7.27353274e-08		1.74504332e-08
0.66597580	-7.01025796e-08		1.64885118e-08
0.66946259	5.26800979e-08		-4.44123112e-08
0.67294937	-2.53043841e-08		6.07069817e-08
0.67643615	-5.34611434e-09		-6.26702619e-08
0.67992294	3.23261552e-08		5.09194801e-08
0.68340972	-4.99644987e-08		-2.90476761e-08
0.68689651	5.50341366e-08		2.64568908e-09
0.69038329	-4.73151699e-08		2.20592562e-08
0.69387008	2.94597981e-08		-3.96269796e-08
0.69735686	-6.22749515e-09		4.65716721e-08
0.70084364	-1.67060268e-08		-4.20282180e-08
0.70433043	3.40786922e-08		2.77961416e-08
0.70781721	-4.22072994e-08		-7.78396811e-09
0.71130400	3.97364795e-08		-1.29911829e-08
0.71479078	-2.78248045e-08		2.96026461e-08
0.71827757	9.75402788e-09		-3.83334238e-08
0.72176435	9.92314138e-09		3.74681175e-08
0.72525113	-2.64835839e-08		-2.75947471e-08
0.72873792	3.61236468e-08		1.13706509e-08
0.73222470	-3.67932952e-08		7.17133123e-09
0.73571149	2.85974451e-08		-2.36004993e-08
0.73919827	-1.36919464e-08		3.41176920e-08
0.74268506	-4.28198487e-09		-3.64023503e-08
0.74617184	2.10793521e-08		3.00934669e-08
0.74965862	-3.28383588e-08		-1.68099459e-08
0.75314541	3.69467100e-08		-2.77260500e-10
0.75663219	-3.25967946e-08		1.72089719e-08
0.76011898	2.09160806e-08		-3.01542785e-08
0.76360576	-4.65825793e-09		3.62690066e-08
0.76709255	-1.24606293e-08		-3.43059995e-08
0.77057933	2.66205727e-08		2.48492310e-08
0.77406611	-3.47523297e-08		-1.01321455e-08
0.77755290	3.51981181e-08		-6.50540242e-09
0.78103968	-2.80377763e-08		2.13887530e-08
0.78452647	1.50191974e-08		-3.13295979e-08
0.78801325	8.78113624e-10		3.43129646e-08
0.79150004	-1.61371219e-08		-2.99025119e-08
0.79498682	2.74924911e-08		1.92842416e-08
0.79847360	-3.26371797e-08		-4.95162588e-09
0.80196039	3.06932956e-08		-9.88561509e-09
0.80544717	-2.23518089e-08		2.20287114e-08
0.80893396	9.66244568e-09		-2.89877022e-08
0.81242074	4.46686762e-09		2.94972191e-08
0.81590753	-1.69396313e-08		-2.37433902e-08
0.81939431	2.51552822e-08		1.32629312e-08
0.82288109	-2.75569704e-08		-5.49457759e-10
0.82636788	2.39270686e-08		-1.15345234e-08
0.82985466	-1.53752128e-08		2.04022732e-08
0.83334145	4.03396082e-09		-2.42992650e-08
0.83682823	7.45858625e-09		2.26517806e-08
0.84031502	-1.65656833e-08		-1.61388635e-08
0.84380180	2.14098266e-08		6.48302723e-09
0.84728858	-2.11594892e-08		3.98211214e-09
0.85077537	1.61655504e-08		-1.28616945e-08
0.85426215	-7.82726254e-09		1.82393099e-08
0.85774894	-1.77114846e-09		-1.90861379e-08
0.86123572	1.03624011e-08		1.54530464e-08
0.86472251	-1.60182044e-08		-8.41114963e-09
0.86820929	1.75730546e-08		-2.35878688e-10
0.87169607	-1.48579752e-08		8.39399905e-09
0.87518286	8.69862220e-09		-1.41697032e-08
0.87866964	-6.86980771e-10		1.62966835e-08
0.88215643	-7.21332845e-09		-1.44038712e-08
0.88564321	1.31326207e-08		9.06958552e-09
0.88913000	-1.57233400e-08		-1.65679846e-09
0.89261678	1.44547224e-08		-6.02577926e-09
0.89610356	-9.71118908e-09		1.21541043e-08
0.89959035	2.67821051e-09		-1.53099260e-08
0.90307713	4.95193572e-09		1.47970948e-08
0.90656392	-1.13822707e-08		-1.07841646e-08
0.91005070	1.51265549e-08		4.24578642e-09
0.91353749	-1.53432788e-08		3.27825977e-09
0.91702427	1.20145677e-08		-1.00468207e-08
0.92051105	-5.93351669e-09		1.45182412e-08
0.92399784	-1.49222057e-09		-1.56966524e-08
0.92748462	8.57148617e-09		1.33467901e-08
0.93097141	-1.37171677e-08		-8.03216762e-09
0.93445819	1.58014592e-08		9.72427258e-10
0.93794498	-1.43996880e-08		6.24351320e-09
0.94143176	9.87072792e-09		-1.20204640e-08
0.94491855	-3.26010558e-09		1.51127805e-08
0.94840533	-3.94794529e-09		-1.48935022e-08
0.95189211	1.01700884e-08		1.14788860e-08
0.95537890	-1.40768599e-08		-5.68435135e-09
0.95886568	1.48798998e-08		-1.17377949e-09
0.96235247	-1.24912398e-08		7.58230704e-09
0.96583925	7.52279227e-09		-1.21702574e-08
0.96932604	-1.13078221e-09		1.40065798e-08
0.97281282	-5.25567410e-09		-1.27914343e-08
0.97629960	1.02579596e-08		8.90173625e-09
0.97978639	-1.28497754e-08		-3.28533301e-09
0.98327317	1.25709253e-08		-2.76786716e-09
0.98675996	-9.60832843e-09		7.92290382e-09
0.99024674	4.73058969e-09		-1.10965165e-08
0.99373353	9.04387153e-10		1.16874815e-08
0.99722031	-6.02149870e-09		-9.69135807e-09
1.00070709	9.51671633e-09		5.67793840e-09
1.00419388	-1.06964665e-08		-6.41167882e-10
1.00768066	9.41616909e-09		-4.24041085e-09
1.01116745	-6.09035660e-09		7.87579490e-09
1.01465423	1.57659014e-09		-9.50389039e-09
1.01814102	3.03626745e-09		8.85251818e-09
1.02162780	-6.68430438e-09		-6.18101248e-09
1.02511458	8.56984374e-09		2.20072926e-09
1.02860137	-8.33358350e-09		2.10442781e-09
1.03208815	6.12081522e-09		-5.71342004e-09
1.03557494	-2.53012653e-09		7.80408082e-09
1.03906172	-1.53996904e-09		-7.93594603e-09
1.04254851	5.10830640e-09		6.13984944e-09
1.04603529	-7.34068738e-09		-2.89662119e-09
1.04952207	7.73898726e-09		-9.87016651e-10
1.05300886	-6.24763994e-09		4.57407682e-09
1.05649564	3.25540517e-09		-7.01774508e-09
1.05998243	5.05197304e-10		7.75552786e-09
1.06346921	-4.13512885e-09		-6.63335129e-09
1.06695600	6.78027391e-09		3.93295066e-09
1.07044278	-7.82789075e-09		-2.98601455e-10
1.07392956	7.04351871e-09		-3.41772932e-09
1.07741635	-4.61843611e-09		6.35562135e-09
1.08090313	1.11883686e-09		-7.84342508e-09
1.08438992	2.64954978e-09		7.54861452e-09
1.08787670	-5.82878244e-09		-5.54809748e-09
1.09136349	7.70432648e-09		2.30423480e-09
1.09485027	-7.86444526e-09		1.44598506e-09
1.09833705	6.28806690e-09		-4.86168198e-09
1.10182384	-3.34281888e-09		7.18887100e-09
1.10531062	-3.04360674e-10		-7.92783501e-09
1.10879741	3.84195763e-09		6.93991807e-09
1.11228419	-6.49768149e-09		-4.47110671e-09
1.11577098	7.70937933e-09		1.08904605e-09
1.11925776	-7.24504042e-09		2.45030836e-09
1.12274454	5.24626044e-09		-5.37479060e-09
1.12623133	-2.18737921e-09		7.06736421e-09
1.12971811	-1.23836232e-09		-7.19838788e-09
1.13320490	4.27822581e-09		5.79028001e-09
1.13669168	-6.28804586e-09		-3.20199765e-09
1.14017847	6.87115403e-09		3.90857433e-11
1.14366525	-5.95795602e-09		2.98840799e-09
1.14715203	3.81015210e-09		-5.22679739e-09
1.15063882	-9.50980920e-10		6.22180719e-09
1.15412560	-1.96055809e-09		-5.81230807e-09
1.15761239	4.28150103e-09		4.15528084e-09
1.16109917	-5.52780345e-09		-1.67862970e-09
1.16458596	5.47647783e-09		-1.02517370e-09
1.16807274	-4.20534074e-09		3.33869036e-09
1.17155952	2.06349917e-09		-4.75973842e-09
1.17504631	4.18416300e-10		5.01050889e-09
1.17853309	-2.65590697e-09		-4.09188638e-09
1.18201988	4.14590504e-09		2.27246376e-09
1.18550666	-4.57869243e-09		-1.69042470e-11
1.18899345	3.90170906e-09		-2.12804193e-09
1.19248023	-2.32224884e-09		3.66247608e-09
1.19596701	2.50381378e-10		-4.24727707e-09
1.19945380	1.80295144e-09		3.77737480e-09
1.20294058	-3.34791057e-09		-2.39878435e-09
1.20642737	4.02918369e-09		4.67138938e-10
1.20991415	-3.70501523e-09		1.54107312e-09
1.21340094	2.47461144e-09		-3.14282995e-09
1.21688772	-6.49005579e-10		3.96144681e-09
1.22037450	-1.32642429e-09		-3.81203596e-09
1.22386129	2.97870967e-09		2.74056006e-09
1.22734807	-3.91801260e-09		-1.00861352e-09
1.23083486	3.92673080e-09		-9.71288030e-10
1.23432164	-3.00699047e-09		2.73389844e-09
1.23780843	1.37655046e-09		-3.86961229e-09
1.24129521	5.84805439e-10		4.11793687e-09
1.24478199	-2.42503024e-09		-3.42498063e-09
1.24826878	3.72441870e-09		1.95258685e-09
1.25175556	-4.19084986e-09		-3.80658290e-11
1.25524235	3.72415893e-09		-1.88523393e-09
1.25872913	-2.43566301e-09		3.38759672e-09
1.26221592	6.19394927e-10		-4.13977629e-09
1.26570270	1.31734765e-09		3.98511659e-09
1.26918948	-2.94748413e-09		-2.97121345e-09
1.27267627	3.91997596e-09		1.33493203e-09
1.27616305	-4.03632391e-09		5.54689588e-10
1.27964984	3.29099923e-09		-2.28171398e-09
1.28313662	-1.86766400e-09		3.47682291e-09
1.28662341	9.32406877e-11		-3.89783238e-09
1.29011019	1.63865528e-09		3.47948928e-09
1.29359698	-2.95682851e-09		-2.34227870e-09
1.29708376	3.59377986e-09		7.59523691e-10
1.30057054	-3.44115519e-09		9.08509395e-10
1.30405733	2.56776825e-09		-2.29761566e-09
1.30754411	-1.19742044e-09		3.12053206e-09
1.31103090	-3.47088843e-10		-3.22757527e-09
1.31451768	1.71994222e-09		2.63410880e-09
1.31800447	-2.63041070e-09		-1.50986643e-09
1.32149125	2.90537045e-09		1.33979026e-10
1.32497803	-2.52268630e-09		1.17280045e-09
1.32846482	1.60903178e-09		-2.12241170e-09
1.33195160	-4.04048807e-10		2.52318584e-09
1.33543839	-7.99642521e-10		-2.31882877e-09
1.33892517	1.72590823e-09		1.59476523e-09
1.34241196	-2.17774306e-09		-5.51693393e-10
1.34589874	2.07897157e-09		-5.46265518e-10
1.34938552	-1.48623339e-09		1.43586664e-09
1.35287231	5.69654919e-10		-1.91614177e-09
1.35635909	4.32096483e-10		1.89278451e-09
1.35984588	-1.27095692e-09		-1.39585440e-09
1.36333266	1.74850672e-09		5.67668146e-10
1.36681945	-1.76113476e-09		3.75217896e-10
1.37030623	1.32126044e-09		-1.19613644e-09
1.37379301	-5.50468382e-10		1.69533037e-09
1.37727980	-3.52899658e-10		-1.75641195e-09
1.38076658	1.16327161e-09		1.37170841e-09
1.38425337	-1.68233724e-09		-6.41208181e-10
1.38774015	1.78557259e-09		-2.53847468e-10
1.39122694	-1.45012221e-09		1.09579378e-09
1.39471372	7.58040920e-10		-1.68276856e-09
1.39820050	1.25172178e-10		1.87591422e-09
1.40168729	-9.91049714e-10		-1.63067453e-09
1.40517407	1.63768126e-09		1.00533101e-09
1.40866086	-1.91651266e-09		-1.45422201e-10
1.41214764	1.76562533e-09		-7.51665295e-10
1.41563443	-1.22216184e-09		1.48317165e-09
1.41912121	4.11621852e-10		-1.88744351e-09
1.42260799	4.82821138e-10		1.87970049e-09
1.42609478	-1.26330969e-09		-1.46918882e-09
1.42958156	1.76233234e-09		7.54380608e-10
1.43306835	-1.87940001e-09		1.01944205e-10
1.43655513	1.60126186e-09		-9.11322060e-10
1.44004192	-1.00163884e-09		1.50259949e-09
1.44352870	2.21322306e-10		-1.75930528e-09
1.44701548	5.66024260e-10		1.64309677e-09
1.45050227	-1.19394291e-09		-1.19852408e-09
1.45398905	1.53971878e-09		5.38866418e-10
1.45747584	-1.54918710e-09		1.82823760e-10
1.46096262	1.24470428e-09		-8.10100832e-10
1.46444941	-7.15320183e-10		1.21819128e-09
1.46793619	9.23722614e-11		-1.33973944e-09
1.47142297	4.83040816e-10		1.17580764e-09
1.47490976	-8.92682330e-10		-7.90438690e-10
1.47839654	1.06627716e-09		2.91042895e-10
1.48188333	-9.93658765e-10		1.99903705e-10
1.48537011	7.21911054e-10		-5.74605805e-10
1.48885690	-3.39153340e-10		7.63960520e-10
1.49234368	-5.02640828e-11		-7.50444183e-10
1.49583046	3.52576094e-10		5.67487665e-10
1.49931725	-5.06734022e-10		-2.86387405e-10
1.50280403	4.96682425e-10		-5.19425871e-12
1.50629082	-3.51339122e-10		2.27225890e-10
1.50977760	1.33040610e-10		-3.27583531e-10
1.51326439	8.19173894e-11		2.93652506e-10
1.51675117	-2.25184809e-10		-1.52751328e-10
1.52023795	2.54874803e-10		-3.81457007e-11
1.52372474	-1.65985289e-10		2.10172219e-10
1.52721152	-9.69846158e-12		-3.02791985e-10
1.53069831	2.13813178e-10		2.80994195e-10
1.53418509	-3.78695238e-10		-1.44949703e-10
1.53767188	4.46908327e-10		-7.02701034e-11
1.54115866	-3.87723644e-10		3.04627443e-10
1.54464544	2.06165082e-10		-4.89873939e-10
1.54813223	5.77320786e-11		5.68539599e-10
1.55161901	-3.39184112e-10		-5.10038971e-10
1.55510580	5.65667648e-10		3.19596951e-10
1.55859258	-6.76141483e-10		-3.76299693e-11
1.56207937	6.37391712e-10		-2.70248870e-10
1.56556615	-4.53186514e-10		5.29963561e-10
1.56905293	1.63824046e-10		-6.78047239e-10
-1.56905293	1.63824046e-10		6.78047239e-10
-1.56556615	-4.53186514e-10		-5.29963561e-10
-1.56207937	6.37391712e-10		2.70248870e-10
-1.55859258	-6.76141483e-10		3.76299693e-11
-1.55510580	5.65667648e-10		-3.19596951e-10
-1.55161901	-3.39184112e-10		5.10038971e-10
-1.54813223	5.77320786e-11		-5.68539599e-10
-1.54464544	2.06165082e-10		4.89873939e-10
-1.54115866	-3.87723644e-10		-3.04627443e-10
-1.53767188	4.46908327e-10		7.02701034e-11
-1.53418509	-3.78695238e-10		1.44949703e-10
-1.53069831	2.13813178e-10		-2.80994195e-10
-1.52721152	-9.69846158e-12		3.02791985e-10
-1.52372474	-1.65985289e-10		-2.10172219e-10
-1.52023795	2.54874803e-10		3.81457007e-11
-1.51675117	-2.25184809e-10		1.52751328e-10
-1.51326439	8.19173894e-11		-2.93652506e-10
-1.50977760	1.33040610e-10		3.27583531e-10
-1.50629082	-3.51339122e-10		-2.27225890e-10
-1.50280403	4.96682425e-10		5.19425871e-12
-1.49931725	-5.06734022e-10		2.86387405e-10
-1.49583046	3.52576094e-10		-5.67487665e-10
-1.49234368	-5.02640828e-11		7.50444183e-10
-1.48885690	-3.39153340e-10		-7.63960520e-10
-1.48537011	7.21911054e-10		5.74605805e-10
-1.48188333	-9.93658765e-10		-1.99903705e-10
-1.47839654	1.06627716e-09		-2.91042895e-10
-1.47490976	-8.92682330e-10		7.90438690e-10
-1.47142297	4.83040816e-10		-1.17580764e-09
-1.46793619	9.23722614e-11		1.33973944e-09
-1.46444941	-7.15320183e-10		-1.21819128e-09
-1.46096262	1.24470428e-09		8.10100832e-10
-1.45747584	-1.54918710e-09		-1.82823760e-10
-1.45398905	1.53971878e-09		-5.38866418e-10
-1.45050227	-1.19394291e-09		1.19852408e-09
-1.44701548	5.66024260e-10		-1.64309677e-09
-1.44352870	2.21322306e-10		1.75930528e-09
-1.44004192	-1.00163884e-09		-1.50259949e-09
-1.43655513	1.60126186e-09		9.11322060e-10
-1.43306835	-1.87940001e-09		-1.01944205e-10
-1.42958156	1.76233234e-09		-7.54380608e-10
-1.42609478	-1.26330969e-09		1.46918882e-09
-1.42260799	4.82821138e-10		-1.87970049e-09
-1.41912121	4.11621852e-10		1.88744351e-09
-1.41563443	-1.22216184e-09		-1.48317165e-09
-1.41214764	1.76562533e-09		7.51665295e-10
-1.40866086	-1.91651266e-09		1.45422201e-10
-1.40517407	1.63768126e-09		-1.00533101e-09
-1.40168729	-9.91049714e-10		1.63067453e-09
-1.39820050	1.25172178e-10		-1.87591422e-09
-1.39471372	7.58040920e-10		1.68276856e-09
-1.39122694	-1.45012221e-09		-1.09579378e-09
-1.38774015	1.78557259e-09		2.53847468e-10
-1.38425337	-1.68233724e-09		6.41208181e-10
-1.38076658	1.16327161e-09		-1.37170841e-09
-1.37727980	-3.52899658e-10		1.75641195e-09
-1.37379301	-5.50468382e-10		-1.69533037e-09
-1.37030623	1.32126044e-09		1.19613644e-09
-1.36681945	-1.76113476e-09		-3.75217896e-10
-1.36333266	1.74850672e-09		-5.67668146e-10
-1.35984588	-1.27095692e-09		1.39585440e-09
-1.35635909	4.32096483e-10		-1.89278451e-09
-1.35287231	5.69654919e-10		1.91614177e-09
-1.34938552	-1.48623339e-09		-1.43586664e-09
-1.34589874	2.07897157e-09		5.46265518e-10
-1.34241196	-2.17774306e-09		5.51693393e-10
-1.33892517	1.72590823e-09		-1.59476523e-09
-1.33543839	-7.99642521e-10		2.31882877e-09
-1.33195160	-4.04048807e-10		-2.52318584e-09
-1.32846482	1.60903178e-09		2.12241170e-09
-1.32497803	-2.52268630e-09		-1.17280045e-09
-1.32149125	2.90537045e-09		-1.33979026e-10
-1.31800447	-2.63041070e-09		1.50986643e-09
-1.31451768	1.71994222e-09		-2.63410880e-09
-1.31103090	-3.47088843e-10		3.22757527e-09
-1.30754411	-1.19742044e-09		-3.12053206e-09
-1.30405733	2.56776825e-09		2.29761566e-09
-1.30057054	-3.44115519e-09		-9.08509395e-10
-1.29708376	3.59377986e-09		-7.59523691e-10
-1.29359698	-2.95682851e-09		2.34227870e-09
-1.29011019	1.63865528e-09		-3.47948928e-09
-1.28662341	9.32406877e-11		3.89783238e-09
-1.28313662	-1.86766400e-09		-3.47682291e-09
-1.27964984	3.29099923e-09		2.28171398e-09
-1.27616305	-4.03632391e-09		-5.54689588e-10
-1.27267627	3.91997596e-09		-1.33493203e-09
-1.26918948	-2.94748413e-09		2.97121345e-09
-1.26570270	1.31734765e-09		-3.98511659e-09
-1.26221592	6.19394927e-10		4.13977629e-09
-1.25872913	-2.43566301e-09		-3.38759672e-09
-1.25524235	3.72415893e-09		1.88523393e-09
-1.25175556	-4.19084986e-09		3.80658290e-11
-1.24826878	3.72441870e-09		-1.95258685e-09
-1.24478199	-2.42503024e-09		3.42498063e-09
-1.24129521	5.84805439e-10		-4.11793687e-09
-1.23780843	1.37655046e-09		3.86961229e-09
-1.23432164	-3.00699047e-09		-2.73389844e-09
-1.23083486	3.92673080e-09		9.71288030e-10
-1.22734807	-3.91801260e-09		1.00861352e-09
-1.22386129	2.97870967e-09		-2.74056006e-09
-1.22037450	-1.32642429e-09		3.81203596e-09
-1.21688772	-6.49005579e-10		-3.96144681e-09
-1.21340094	2.47461144e-09		3.14282995e-09
-1.20991415	-3.70501523e-09		-1.54107312e-09
-1.20642737	4.02918369e-09		-4.67138938e-10
-1.20294058	-3.34791057e-09		2.39878435e-09
-1.19945380	1.80295144e-09		-3.77737480e-09
-1.19596701	2.50381378e-10		4.24727707e-09
-1.19248023	-2.32224884e-09		-3.66247608e-09
-1.18899345	3.90170906e-09		2.12804193e-09
-1.18550666	-4.57869243e-09		1.69042470e-11
-1.18201988	4.14590504e-09		-2.27246376e-09
-1.17853309	-2.65590697e-09		4.09188638e-09
-1.17504631	4.18416300e-10		-5.01050889e-09
-1.17155952	2.06349917e-09		4.75973842e-09
-1.16807274	-4.20534074e-09		-3.33869036e-09
-1.16458596	5.47647783e-09		1.02517370e-09
-1.16109917	-5.52780345e-09		1.67862970e-09
-1.15761239	4.28150103e-09		-4.15528084e-09
-1.15412560	-1.96055809e-09		5.81230807e-09
-1.15063882	-9.50980920e-10		-6.22180719e-09
-1.14715203	3.81015210e-09		5.22679739e-09
-1.14366525	-5.95795602e-09		-2.98840799e-09
-1.14017847	6.87115403e-09		-3.90857433e-11
-1.13669168	-6.28804586e-09		3.20199765e-09
-1.13320490	4.27822581e-09		-5.79028001e-09
-1.12971811	-1.23836232e-09		7.19838788e-09
-1.12623133	-2.18737921e-09		-7.06736421e-09
-1.12274454	5.24626044e-09		5.37479060e-09
-1.11925776	-7.24504042e-09		-2.45030836e-09
-1.11577098	7.70937933e-09		-1.08904605e-09
-1.11228419	-6.49768149e-09		4.47110671e-09
-1.10879741	3.84195763e-09		-6.93991807e-09
-1.10531062	-3.04360674e-10		7.92783501e-09
-1.10182384	-3.34281888e-09		-7.18887100e-09
-1.09833705	6.28806690e-09		4.86168198e-09
-1.09485027	-7.86444526e-09		-1.44598506e-09
-1.09136349	7.70432648e-09		-2.30423480e-09
-1.08787670	-5.82878244e-09		5.54809748e-09
-1.08438992	2.64954978e-09		-7.54861452e-09
-1.08090313	1.11883686e-09		7.84342508e-09
-1.07741635	-4.61843611e-09		-6.35562135e-09
-1.07392956	7.04351871e-09		3.41772932e-09
-1.07044278	-7.82789075e-09		2.98601455e-10
-1.06695600	6.78027391e-09		-3.93295066e-09
-1.06346921	-4.13512885e-09		6.63335129e-09
-1.05998243	5.05197304e-10		-7.75552786e-09
-1.05649564	3.25540517e-09		7.01774508e-09
-1.05300886	-6.24763994e-09		-4.57407682e-09
-1.04952207	7.73898726e-09		9.87016651e-10
-1.04603529	-7.34068738e-09		2.89662119e-09
-1.04254851	5.10830640e-09		-6.13984944e-09
-1.03906172	-1.53996904e-09		7.93594603e-09
-1.03557494	-2.53012653e-09		-7.80408082e-09
-1.03208815	6.12081522e-09		5.71342004e-09
-1.02860137	-8.33358350e-09		-2.10442781e-09
-1.02511458	8.56984374e-09		-2.20072926e-09
-1.02162780	-6.68430438e-09		6.18101248e-09
-1.01814102	3.03626745e-09		-8.85251818e-09
-1.01465423	1.57659014e-09		9.50389039e-09
-1.01116745	-6.09035660e-09		-7.87579490e-09
-1.00768066	9.41616909e-09		4.24041085e-09
-1.00419388	-1.06964665e-08		6.41167882e-10
-1.00070709	9.51671633e-09		-5.67793840e-09
-0.99722031	-6.02149870e-09		9.69135807e-09
-0.99373353	9.04387153e-10		-1.16874815e-08
-0.99024674	4.73058969e-09		1.10965165e-08
-0.98675996	-9.60832843e-09		-7.92290382e-09
-0.98327317	1.25709253e-08		2.76786716e-09
-0.97978639	-1.28497754e-08		3.28533301e-09
-0.97629960	1.02579596e-08		-8.90173625e-09
-0.97281282	-5.25567410e-09		1.27914343e-08
-0.96932604	-1.13078221e-09		-1.40065798e-08
-0.96583925	7.52279227e-09		1.21702574e-08
-0.96235247	-1.24912398e-08		-7.58230704e-09
-0.95886568	1.48798998e-08		1.17377949e-09
-0.95537890	-1.40768599e-08		5.68435135e-09
-0.95189211	1.01700884e-08		-1.14788860e-08
-0.94840533	-3.94794529e-09		1.48935022e-08
-0.94491855	-3.26010558e-09		-1.51127805e-08
-0.94143176	9.87072792e-09		1.20204640e-08
-0.93794498	-1.43996880e-08		-6.24351320e-09
-0.93445819	1.58014592e-08		-9.72427258e-10
-0.93097141	-1.37171677e-08		8.03216762e-09
-0.92748462	8.57148617e-09		-1.33467901e-08
-0.92399784	-1.49222057e-09		1.56966524e-08
-0.92051105	-5.93351669e-09		-1.45182412e-08
-0.91702427	1.20145677e-08		1.00468207e-08
-0.91353749	-1.53432788e-08		-3.27825977e-09
-0.91005070	1.51265549e-08		-4.24578642e-09
-0.90656392	-1.13822707e-08		1.07841646e-08
-0.90307713	4.95193572e-09		-1.47970948e-08
-0.89959035	2.67821051e-09		1.53099260e-08
-0.89610356	-9.71118908e-09		-1.21541043e-08
-0.89261678	1.44547224e-08		6.02577926e-09
-0.88913000	-1.57233400e-08		1.65679846e-09
-0.88564321	1.31326207e-08		-9.06958552e-09
-0.88215643	-7.21332845e-09		1.44038712e-08
-0.87866964	-6.86980771e-10		-1.62966835e-08
-0.87518286	8.69862220e-09		1.41697032e-08
-0.87169607	-1.48579752e-08		-8.39399905e-09
-0.86820929	1.75730546e-08		2.35878688e-10
-0.86472251	-1.60182044e-08		8.41114963e-09
-0.86123572	1.03624011e-08		-1.54530464e-08
-0.85774894	-1.77114846e-09		1.90861379e-08
-0.85426215	-7.82726254e-09		-1.82393099e-08
-0.85077537	1.61655504e-08		1.28616945e-08
-0.84728858	-2.11594892e-08		-3.98211214e-09
-0.84380180	2.14098266e-08		-6.48302723e-09
-0.84031502	-1.65656833e-08		1.61388635e-08
-0.83682823	7.45858625e-09		-2.26517806e-08
-0.83334145	4.03396082e-09		2.42992650e-08
-0.82985466	-1.53752128e-08		-2.04022732e-08
-0.82636788	2.39270686e-08		1.15345234e-08
-0.82288109	-2.75569704e-08		5.49457759e-10
-0.81939431	2.51552822e-08		-1.32629312e-08
-0.81590753	-1.69396313e-08		2.37433902e-08
-0.81242074	4.46686762e-09		-2.94972191e-08
-0.80893396	9.66244568e-09		2.89877022e-08
-0.80544717	-2.23518089e-08		-2.20287114e-08
-0.80196039	3.06932956e-08		9.88561509e-09
-0.79847360	-3.26371797e-08		4.95162588e-09
-0.79498682	2.74924911e-08		-1.92842416e-08
-0.79150004	-1.61371219e-08		2.99025119e-08
-0.78801325	8.78113624e-10		-3.43129646e-08
-0.78452647	1.50191974e-08		3.13295979e-08
-0.78103968	-2.80377763e-08		-2.13887530e-08
-0.77755290	3.51981181e-08		6.50540242e-09
-0.77406611	-3.47523297e-08		1.01321455e-08
-0.77057933	2.66205727e-08		-2.48492310e-08
-0.76709255	-1.24606293e-08		3.43059995e-08
-0.76360576	-4.65825793e-09		-3.62690066e-08
-0.76011898	2.09160806e-08		3.01542785e-08
-0.75663219	-3.25967946e-08		-1.72089719e-08
-0.75314541	3.69467100e-08		2.77260500e-10
-0.74965862	-3.28383588e-08		1.68099459e-08
-0.74617184	2.10793521e-08		-3.00934669e-08
-0.74268506	-4.28198487e-09		3.64023503e-08
-0.73919827	-1.36919464e-08		-3.41176920e-08
-0.73571149	2.85974451e-08		2.36004993e-08
-0.73222470	-3.67932952e-08		-7.17133123e-09
-0.72873792	3.61236468e-08		-1.13706509e-08
-0.72525113	-2.64835839e-08		2.75947471e-08
-0.72176435	9.92314138e-09		-3.74681175e-08
-0.71827757	9.75402788e-09		3.83334238e-08
-0.71479078	-2.78248045e-08		-2.96026461e-08
-0.71130400	3.97364795e-08		1.29911829e-08
-0.70781721	-4.22072994e-08		7.78396811e-09
-0.70433043	3.40786922e-08		-2.77961416e-08
-0.70084364	-1.67060268e-08		4.20282180e-08
-0.69735686	-6.22749515e-09		-4.65716721e-08
-0.69387008	2.94597981e-08		3.96269796e-08
-0.69038329	-4.73151699e-08		-2.20592562e-08
-0.68689651	5.50341366e-08		-2.64568908e-09
-0.68340972	-4.99644987e-08		2.90476761e-08
-0.67992294	3.23261552e-08		-5.09194801e-08
-0.67643615	-5.34611434e-09		6.26702619e-08
-0.67294937	-2.53043841e-08		-6.07069817e-08
-0.66946259	5.26800979e-08		4.44123112e-08
-0.66597580	-7.01025796e-08		-1.64885118e-08
-0.66248902	7.27353274e-08		-1.74504332e-08
-0.65900223	-5.88298922e-08		4.99887814e-08
-0.65551545	3.03347805e-08		-7.35062460e-08
-0.65202866	7.31162898e-09		8.19227357e-08
-0.64854188	-4.62051322e-08		-7.21972430e-08
-0.64505510	7.76296859e-08		4.52213000e-08
-0.64156831	-9.39987211e-08		-5.86572457e-09
-0.63808153	9.06554740e-08		-3.78802966e-08
-0.63459474	-6.71117160e-08		7.65342524e-08
-0.63110796	2.74087718e-08		-1.01182779e-07
-0.62762117	2.05325318e-08		1.05536081e-07
-0.62413439	-6.64827527e-08		-8.75051565e-08
-0.62064761	1.00089758e-07		4.99148953e-08
-0.61716082	-1.13216018e-07		-1.41257078e-10
-0.61367404	1.01902733e-07		-5.13057921e-08
-0.61018725	-6.74917533e-08		9.29902255e-08
-0.60670047	1.66020179e-08		-1.15090078e-07
-0.60321368	4.00983127e-08		1.11709243e-07
-0.59972690	-9.01109326e-08		-8.24207185e-08
-0.59624012	1.21865757e-07		3.26458015e-08
-0.59275333	-1.27417272e-07		2.72829013e-08
-0.58926655	1.04456939e-07		-8.42345445e-08
-0.58577976	-5.71401854e-08		1.25151734e-07
-0.58229298	-4.53112630e-09		-1.40065062e-07
-0.57880619	6.67135349e-08		1.24565359e-07
-0.57531941	-1.14734412e-07		-8.11318451e-08
-0.57183263	1.36476880e-07		1.89405068e-08
-0.56834584	-1.25376313e-07		4.78965611e-08
-0.56485906	8.23082791e-08		-1.03351831e-07
-0.56137227	-1.58564992e-08		1.33143502e-07
-0.55788549	-5.92106852e-08		-1.28228901e-07
-0.55439870	1.25024588e-07		8.73060200e-08
-0.55091192	-1.64653557e-07		-1.76712922e-08
-0.54742513	1.66221939e-07		-6.58846105e-08
-0.54393835	-1.26156385e-07		1.44030871e-07
-0.54045157	5.07352079e-08		-1.97152845e-07
-0.53696478	4.45549844e-08		2.10020827e-07
-0.53347800	-1.37884445e-07		-1.75817521e-07
-0.52999121	2.05686996e-07		9.85349147e-08
-0.52650443	-2.28088510e-07		6.95326983e-09
-0.52301764	1.93972388e-07		-1.17360459e-07
-0.51953086	-1.04480265e-07		2.05649742e-07
-0.51604408	-2.59996510e-08		-2.47010765e-07
-0.51255729	1.71814367e-07		2.24895626e-07
-0.50907051	-3.00821483e-07		-1.35734687e-07
-0.50558372	3.81133101e-07		-8.86978595e-09
-0.50209694	-3.88484153e-07		1.83211632e-07
-0.49861015	3.12617818e-07		-3.51881291e-07
-0.49512337	-1.61153029e-07		4.76826575e-07
-0.49163659	-4.01807859e-08		-5.25742807e-07
-0.48814980	2.51352071e-07		4.80039868e-07
-0.48466302	-4.25430829e-07		-3.40562590e-07
-0.48117623	5.18303084e-07		1.29566028e-07
-0.47768945	-4.98781001e-07		1.11868733e-07
-0.47420266	3.56923978e-07		-3.30867487e-07
-0.47071588	-1.08567354e-07		4.73148297e-07
-0.46722910	-2.05312899e-07		-4.94825431e-07
-0.46374231	5.24785688e-07		3.73201972e-07
-0.46025553	-7.81928551e-07		-1.14103690e-07
-0.45676874	9.14698992e-07		-2.46186763e-07
-0.45328196	-8.81042500e-07		6.45367844e-07
-0.44979517	6.70259812e-07		-1.00563701e-06
-0.44630839	-3.08950301e-07		1.24867675e-06
-0.44282161	-1.40266687e-07		-1.31239643e-06
-0.43933482	5.87709782e-07		1.16608579e-06
-0.43584804	-9.32173448e-07		-8.20646007e-07
-0.43236125	1.08047858e-06		3.31268587e-07
-0.42887447	-9.67399933e-07		2.08754006e-07
-0.42538768	5.71917325e-07		-6.82699499e-07
-0.42190090	7.38885029e-08		9.71406077e-07
-0.41841412	-8.85821551e-07		-9.76926722e-07
-0.41492733	1.73920169e-06		6.44310706e-07
-0.41144055	-2.48984052e-06		2.30671029e-08
-0.40795376	3.00108385e-06		-9.58334453e-07
-0.40446698	-3.17215398e-06		2.03812354e-06
-0.40098019	2.96235743e-06		-3.10153003e-06
-0.39749341	-2.40607076e-06		3.97843690e-06
-0.39400663	1.61478502e-06		-4.52254972e-06
-0.39051984	-7.64683464e-07		4.64317090e-06
-0.38703306	7.08786543e-08		-4.32947739e-06
-0.38354627	2.47938602e-07		3.66198500e-06
-0.38005949	-8.59335724e-09		-2.80789081e-06
-0.37657270	-9.00704848e-07		1.99976979e-06
-0.37308592	2.49456560e-06		-1.50018396e-06
-0.36959914	-4.68012172e-06		1.55757321e-06
-0.36611235	7.26514026e-06		-2.36078782e-06
-0.36262557	-9.98423614e-06		4.00036854e-06
-0.35913878	1.25395528e-05		-6.44396957e-06
-0.35565200	-1.46494404e-05		9.53120536e-06
-0.35216521	1.60968812e-05		-1.29900043e-05
-0.34867843	-1.67690642e-05		1.64728108e-05
-0.34519165	1.66807278e-05		-1.96073608e-05
-0.34170486	-1.59765026e-05		2.20539327e-05
-0.33821808	1.49110772e-05		-2.35595091e-05
-0.33473129	-1.38099358e-05		2.39994834e-05
-0.33124451	1.30169757e-05		-2.33994451e-05
-0.32775772	-1.28378206e-05		2.19328779e-05
-0.32427094	1.34886216e-05		-1.98947450e-05
-0.32078416	-1.50593473e-05		1.76551793e-05
-0.31729737	1.74981146e-05		-1.56010634e-05
-0.31381059	-2.06194208e-05		1.40755009e-05
-0.31032380	2.41348637e-05		-1.33256162e-05
-0.30683702	-2.77008625e-05		1.34676507e-05
-0.30335023	3.09747943e-05		-1.44751980e-05
-0.29986345	-3.36694220e-05		1.61921966e-05
-0.29637667	3.55958402e-05		-1.83677475e-05
-0.29288988	-3.66873517e-05		2.07058089e-05
-0.28940310	3.70003278e-05		-2.29201024e-05
-0.28591631	-3.66925207e-05		2.47836821e-05
-0.28242953	3.59836446e-05		-2.61637662e-05
-0.27894274	-3.51064845e-05		2.70354095e-05
-0.27545596	3.42586386e-05		-2.74718594e-05
-0.27196918	-3.35648649e-05		2.76141704e-05
-0.26848239	3.30578723e-05		-2.76269275e-05
-0.26499561	-3.26816454e-05		2.76498998e-05
-0.26150882	3.23167282e-05		-2.77564782e-05
-0.25802204	-3.18222187e-05		2.79285965e-05
-0.25453525	3.10854682e-05		-2.80546437e-05
-0.25104847	-3.00684302e-05		2.79522272e-05
-0.24756169	2.88397233e-05		-2.74124007e-05
-0.24407490	-2.75838348e-05		2.62571606e-05
-0.24058812	2.65831202e-05		-2.43986033e-05
-0.23710133	-2.61736030e-05		2.18868787e-05
-0.23361455	2.66810484e-05		-1.89353098e-05
-0.23012776	-2.83483169e-05		1.59146790e-05
-0.22664098	3.12676757e-05		-1.33141197e-05
-0.22315420	-3.53319408e-05		1.16723558e-05
-0.21966741	4.02158876e-05		-1.14890474e-05
-0.21618063	-4.53946151e-05		1.31305823e-05
-0.21269384	5.01992595e-05		-1.67468667e-05
-0.20920706	-5.39037051e-05		2.22149850e-05
-0.20572027	5.58299601e-05		-2.91220073e-05
-0.20223349	-5.54557597e-05		3.67932206e-05
-0.19874671	5.25065561e-05		-4.43646379e-05
-0.19525992	-4.70157151e-05		5.08910273e-05
-0.19177314	3.93412707e-05		-5.54742691e-05
-0.18828635	-3.01343095e-05		5.73927235e-05
-0.18479957	2.02618538e-05		-5.62112932e-05
-0.18131278	-1.06946661e-05		5.18542419e-05
-0.17782600	2.37640836e-06		-4.46282546e-05
-0.17433921	3.90600770e-06		3.51908645e-05
-0.17085243	-7.63086877e-06		-2.44679411e-05
-0.16736565	8.61202232e-06		1.35320368e-05
-0.16387886	-7.02019934e-06		-3.45964085e-06
-0.16039208	3.35209760e-06		-4.81124809e-06
-0.15690529	1.64769413e-06		1.06019210e-05
-0.15341851	-7.09943002e-06		-1.35743524e-05
-0.14993172	1.21177713e-05		1.37617775e-05
-0.14644494	-1.59379903e-05		-1.15451536e-05
-0.14295816	1.80195804e-05		7.58070893e-06
-0.13947137	-1.81121055e-05		-2.69125428e-06
-0.13598459	1.62745550e-05		-2.26082234e-06
-0.13249780	-1.28471513e-05		6.49876645e-06
-0.12901102	8.38216446e-06		-9.43588547e-06
-0.12552423	-3.54655868e-06		1.07443610e-05
-0.12203745	-9.86776844e-07		-1.03799952e-05
-0.11855067	4.64145109e-06		8.56190665e-06
-0.11506388	-7.01784845e-06		-5.71344742e-06
-0.11157710	7.93993823e-06		2.37645510e-06
-0.10809031	-7.46341797e-06		8.85529046e-07
-0.10460353	5.84664332e-06		-3.57872556e-06
-0.10111674	-3.49181704e-06		5.35096106e-06
-0.09762996	8.68304523e-07		-6.03388998e-06
-0.09414318	1.56794882e-06		5.65128011e-06
-0.09065639	-3.44532864e-06		-4.39505693e-06
-0.08716961	4.52691350e-06		2.57607167e-06
-0.08368282	-4.73377049e-06		-5.60226369e-07
-0.08019604	4.13982116e-06		-1.29786961e-06
-0.07670925	-2.94189652e-06		2.71223577e-06
-0.07322247	1.41254227e-06		-3.50501479e-06
-0.06973569	1.54587381e-07		3.62325025e-06
-0.06624890	-1.49657402e-06		-3.13253203e-06
-0.06276212	2.42165497e-06		2.19120433e-06
-0.05927533	-2.83248352e-06		-1.01187696e-06
-0.05578855	2.73017655e-06		-1.81503309e-07
-0.05230176	-2.20078520e-06		1.19291322e-06
-0.04881498	1.38882808e-06		-1.88336601e-06
-0.04532820	-4.64341320e-07		2.18604953e-06
-0.04184141	-4.09704963e-07		-2.10672916e-06
-0.03835463	1.10373418e-06		1.71149931e-06
-0.03486784	-1.53773336e-06		-1.10605660e-06
-0.03138106	1.68587647e-06		4.11670361e-07
-0.02789427	-1.57068367e-06		2.57136761e-07
-0.02440749	1.24972460e-06		-8.09344225e-07
-0.02092071	-7.98909153e-07		1.18656338e-06
-0.01743392	2.96429178e-07		-1.36444336e-06
-0.01394714	1.89470094e-07		1.34793367e-06
-0.01046035	-6.07200273e-07		-1.16303123e-06
-0.00697357	9.23013876e-07		8.47883346e-07
-0.00348678	-1.11810064e-06		-4.45593554e-07
